1:	00 90 0001 0000
2:	00 90 0001 0000
3:	00 90 0001 0000
4:	00 90 0001 0000
5:	00 90 0001 0000
6:	00 90 0001 0000
7:	00 90 0001 0000
8:	00 90 0002 0000
9:	00 80 0003 0000
10:	00 80 0004 0001
11:	00 80 0005 0002
12:	00 90 0006 0003
13:	00 90 0007 0003
14:	00 90 0008 0003  > 00 90 0008 0003
15:	00 80 0009 0003
16:	00 90 000a 0004  > 00 90 000a 0004
17:	00 80 000b 0007
18:	00 80 000c 0008
19:	00 80 000d 0009
20:	00 80 000e 000a
21:	00 80 000f 000b
22:	00 90 0010 000c
23:	00 90 0011 000c
24:	00 80 0012 000c
25:	00 80 0013 000d
26:	00 80 0014 000e
27:	00 90 0015 000f
28:	00 90 0016 000f
29:	00 90 0017 000f
30:	00 80 0003 0004
31:	00 80 0004 0005
32:	00 80 0005 0006
