00 FF 01 00 00 00 
00 90 01 00 00 00 
00 90 02 00 00 00 
00 90 03 00 00 00 
00 90 04 00 00 00 
00 90 05 00 00 00 
00 90 06 00 00 00 
00 90 07 00 00 00 
00 90 08 00 00 00 
00 80 03 00 00 00 
00 80 04 00 01 00 
00 80 05 00 02 00 
00 80 09 00 03 00 
00 90 0A 00 04 00 
00 80 03 00 04 00 
00 80 04 00 05 00 
00 80 05 00 06 00 
00 80 0B 00 07 00 
00 80 0C 00 08 00 
00 80 0D 00 09 00 
00 80 0E 00 0A 00 
00 80 0F 00 0B 00 
00 90 10 00 0C 00 
00 90 11 00 0C 00 
00 80 12 00 0C 00 
00 80 13 00 0D 00 
00 80 14 00 0E 00 
00 90 15 00 0F 00 
00 90 16 00 0F 00 
00 90 17 00 0F 00 
00 00 00 00 00 00 00 00 00 00 00 00 