00 90 01 00 00 00 
00 90 01 00 00 00 
00 90 01 00 00 00 
00 90 01 00 00 00 
00 90 01 00 00 00 
00 90 01 00 00 00 
00 90 01 00 00 00 
00 90 02 00 00 00 
00 90 03 00 00 00 
00 90 04 00 00 00 
00 90 05 00 00 00 
00 90 06 00 00 00 
00 90 07 00 00 00 
00 90 08 00 00 00 
00 90 09 00 00 00 
00 90 0A 00 00 00 
00 90 0B 00 00 00 
00 90 0C 00 00 00 
00 90 0D 00 00 00 
00 90 0E 00 00 00 
00 90 0F 00 00 00 
00 90 10 00 00 00 
00 90 11 00 00 00 
00 90 12 00 00 00 
00 90 13 00 00 00 
00 90 14 00 00 00 
00 90 15 00 00 00 
00 90 16 00 00 00 
00 90 17 00 00 00 
00 90 18 00 00 00 
00 90 19 00 00 00 
00 90 1A 00 00 00 
00 90 1B 00 00 00 
00 90 1C 00 00 00 
00 90 1D 00 00 00 
00 90 1E 00 00 00 
00 90 1F 00 00 00 
00 90 20 00 00 00 
00 90 21 00 00 00 
00 90 22 00 00 00 
00 90 23 00 00 00 
00 90 24 00 00 00 
00 90 25 00 00 00 
00 90 26 00 00 00 
00 90 27 00 00 00 
00 90 28 00 00 00 
00 90 29 00 00 00 
00 90 2A 00 00 00 
00 90 2B 00 00 00 
00 90 2C 00 00 00 
00 90 2D 00 00 00 
00 90 2E 00 00 00 
00 90 2F 00 00 00 
00 90 30 00 00 00 
00 90 31 00 00 00 
00 90 32 00 00 00 
00 90 33 00 00 00 
00 90 34 00 00 00 
00 90 35 00 00 00 
00 90 36 00 00 00 
00 90 37 00 00 00 
00 90 38 00 00 00 
00 90 39 00 00 00 
00 90 3A 00 00 00 
00 90 3B 00 00 00 
00 90 3C 00 00 00 
00 90 3D 00 00 00 
00 90 3E 00 00 00 
00 90 3F 00 00 00 
00 90 40 00 00 00 
00 90 41 00 00 00 
00 90 42 00 00 00 
00 90 43 00 00 00 
00 90 44 00 00 00 
00 90 45 00 00 00 
00 90 46 00 00 00 
00 90 47 00 00 00 
00 90 48 00 00 00 
00 90 49 00 00 00 
00 90 4A 00 00 00 
00 90 4B 00 00 00 
00 90 4C 00 00 00 
00 90 4D 00 00 00 
00 00 00 00 00 00 
00 00 
00 90 4E 00 00 00 
00 90 4F 00 00 00 
00 90 50 00 00 00 
00 90 51 00 00 00 
00 90 52 00 00 00 
00 90 53 00 00 00 
00 90 54 00 00 00 
00 90 55 00 00 00 
00 90 56 00 00 00 
00 90 57 00 00 00 
00 90 58 00 00 00 
00 90 59 00 00 00 
00 90 5A 00 00 00 
00 90 5B 00 00 00 
00 90 5C 00 00 00 
00 90 5D 00 00 00 
00 90 5E 00 00 00 
00 90 5F 00 00 00 
00 90 60 00 00 00 
00 90 61 00 00 00 
00 90 62 00 00 00 
00 90 63 00 00 00 
00 90 64 00 00 00 
00 90 65 00 00 00 
00 90 66 00 00 00 
00 90 67 00 00 00 
00 90 68 00 00 00 
00 90 69 00 00 00 
00 90 6A 00 00 00 
00 90 6B 00 00 00 
00 90 6C 00 00 00 
00 90 6D 00 00 00 
00 90 6E 00 00 00 
00 90 6F 00 00 00 
00 90 70 00 00 00 
00 90 71 00 00 00 
00 90 72 00 00 00 
00 90 73 00 00 00 
00 90 74 00 00 00 
00 90 75 00 00 00 
00 90 76 00 00 00 
00 90 77 00 00 00 
00 90 78 00 00 00 
00 90 79 00 00 00 
00 90 7A 00 00 00 
00 90 7B 00 00 00 
00 90 7C 00 00 00 
00 90 7D 00 00 00 
00 90 7E 00 00 00 
00 90 7F 00 00 00 
00 90 80 00 00 00 
00 90 81 00 00 00 
00 90 82 00 00 00 
00 90 83 00 00 00 
00 90 84 00 00 00 
00 90 85 00 00 00 
00 90 86 00 00 00 
00 90 87 00 00 00 
00 90 88 00 00 00 
00 90 89 00 00 00 
00 90 8A 00 00 00 
00 90 8B 00 00 00 
00 90 8C 00 00 00 
00 90 8D 00 00 00 
00 90 8E 00 00 00 
00 90 8F 00 00 00 
00 90 90 00 00 00 
00 90 91 00 00 00 
00 90 92 00 00 00 
00 90 93 00 00 00 
00 90 94 00 00 00 
00 90 95 00 00 00 
00 90 96 00 00 00 
00 90 97 00 00 00 
00 90 98 00 00 00 
00 90 99 00 00 00 
00 90 9A 00 00 00 
00 90 9B 00 00 00 
00 90 9C 00 00 00 
00 90 9D 00 00 00 
00 90 9E 00 00 00 
00 90 9F 00 00 00 
00 90 A0 00 00 00 
00 90 A1 00 00 00 
00 00 00 00 00 00 
00 00 
00 90 A2 00 00 00 
00 90 A3 00 00 00 
00 90 A4 00 00 00 
00 90 A5 00 00 00 
00 90 A6 00 00 00 
00 90 A7 00 00 00 
00 90 A8 00 00 00 
00 90 A9 00 00 00 
00 90 AA 00 00 00 
00 90 AB 00 00 00 
00 90 AC 00 00 00 
00 90 AD 00 00 00 
00 90 AE 00 00 00 
00 90 AF 00 00 00 
00 90 B0 00 00 00 
00 90 B1 00 00 00 
00 90 B2 00 00 00 
00 90 B3 00 00 00 
00 90 B4 00 00 00 
00 90 B5 00 00 00 
00 90 B6 00 00 00 
00 90 B7 00 00 00 
00 90 B8 00 00 00 
00 90 B9 00 00 00 
00 90 BA 00 00 00 
00 90 BB 00 00 00 
00 90 BC 00 00 00 
00 90 BD 00 00 00 
00 90 BE 00 00 00 
00 90 BF 00 00 00 
00 90 C0 00 00 00 
00 90 C1 00 00 00 
00 90 C2 00 00 00 
00 90 C3 00 00 00 
00 90 C4 00 00 00 
00 90 C5 00 00 00 
00 90 C6 00 00 00 
00 90 C7 00 00 00 
00 90 C8 00 00 00 
00 90 C9 00 00 00 
00 90 CA 00 00 00 
00 90 CB 00 00 00 
00 90 CC 00 00 00 
00 90 CD 00 00 00 
00 90 CE 00 00 00 
00 90 CF 00 00 00 
00 90 D0 00 00 00 
00 90 D1 00 00 00 
00 90 D2 00 00 00 
00 90 D3 00 00 00 
00 90 D4 00 00 00 
00 90 D5 00 00 00 
00 90 D6 00 00 00 
00 90 D7 00 00 00 
00 90 D8 00 00 00 
00 90 D9 00 00 00 
00 90 DA 00 00 00 
00 90 DB 00 00 00 
00 90 DC 00 00 00 
00 90 DD 00 00 00 
00 90 DE 00 00 00 
00 90 DF 00 00 00 
00 90 E0 00 00 00 
00 90 E1 00 00 00 
00 90 E2 00 00 00 
00 90 E3 00 00 00 
00 90 E4 00 00 00 
00 90 E5 00 00 00 
00 90 E6 00 00 00 
00 90 E7 00 00 00 
00 90 E8 00 00 00 
00 90 E9 00 00 00 
00 90 EA 00 00 00 
00 90 EB 00 00 00 
00 90 EC 00 00 00 
00 90 ED 00 00 00 
00 90 EE 00 00 00 
00 90 EF 00 00 00 
00 90 F0 00 00 00 
00 90 F1 00 00 00 
00 90 F2 00 00 00 
00 90 F3 00 00 00 
00 90 F4 00 00 00 
00 90 F5 00 00 00 
00 00 00 00 00 00 
00 00 
00 90 F6 00 00 00 
00 90 F7 00 00 00 
00 90 F8 00 00 00 
00 90 F9 00 00 00 
00 90 FA 00 00 00 
00 90 FB 00 00 00 
00 90 FC 00 00 00 
00 90 FD 00 00 00 
00 90 FE 00 00 00 
00 90 FF 00 00 00 
00 90 00 01 00 00 
00 90 01 01 00 00 
00 90 02 01 00 00 
00 90 03 01 00 00 
00 90 04 01 00 00 
00 90 05 01 00 00 
00 90 06 01 00 00 
00 90 07 01 00 00 
00 90 08 01 00 00 
00 90 09 01 00 00 
00 90 0A 01 00 00 
00 90 0B 01 00 00 
00 90 0C 01 00 00 
00 90 0D 01 00 00 
00 90 0E 01 00 00 
00 90 0F 01 00 00 
00 90 10 01 00 00 
00 90 11 01 00 00 
00 90 12 01 00 00 
00 90 13 01 00 00 
00 90 14 01 00 00 
00 90 15 01 00 00 
00 90 16 01 00 00 
00 90 17 01 00 00 
00 90 18 01 00 00 
00 90 19 01 00 00 
00 90 1A 01 00 00 
00 90 1B 01 00 00 
00 90 1C 01 00 00 
00 90 1D 01 00 00 
00 90 1E 01 00 00 
00 90 1F 01 00 00 
00 90 20 01 00 00 
00 90 21 01 00 00 
00 90 22 01 00 00 
00 90 23 01 00 00 
00 90 24 01 00 00 
00 90 25 01 00 00 
00 90 26 01 00 00 
00 90 27 01 00 00 
00 90 28 01 00 00 
00 90 29 01 00 00 
00 90 2A 01 00 00 
00 90 2B 01 00 00 
00 90 2C 01 00 00 
00 90 2D 01 00 00 
00 90 2E 01 00 00 
00 90 2F 01 00 00 
00 90 30 01 00 00 
00 90 31 01 00 00 
00 90 32 01 00 00 
00 90 33 01 00 00 
00 90 34 01 00 00 
00 90 35 01 00 00 
00 90 36 01 00 00 
00 90 37 01 00 00 
00 90 38 01 00 00 
00 90 39 01 00 00 
00 90 3A 01 00 00 
00 90 3B 01 00 00 
00 90 3C 01 00 00 
00 90 3D 01 00 00 
00 90 3E 01 00 00 
00 90 3F 01 00 00 
00 90 40 01 00 00 
00 90 41 01 00 00 
00 90 42 01 00 00 
00 90 43 01 00 00 
00 90 44 01 00 00 
00 90 45 01 00 00 
00 90 46 01 00 00 
00 90 47 01 00 00 
00 90 48 01 00 00 
00 90 49 01 00 00 
00 00 00 00 00 00 
00 00 
00 90 4A 01 00 00 
00 90 4B 01 00 00 
00 90 4C 01 00 00 
00 90 4D 01 00 00 
00 90 4E 01 00 00 
00 90 4F 01 00 00 
00 90 50 01 00 00 
00 90 51 01 00 00 
00 90 52 01 00 00 
00 90 53 01 00 00 
00 90 54 01 00 00 
00 90 55 01 00 00 
00 90 56 01 00 00 
00 90 57 01 00 00 
00 90 58 01 00 00 
00 90 59 01 00 00 
00 90 5A 01 00 00 
00 90 5B 01 00 00 
00 90 5C 01 00 00 
00 90 5D 01 00 00 
00 90 5E 01 00 00 
00 90 5F 01 00 00 
00 90 60 01 00 00 
00 90 61 01 00 00 
00 90 62 01 00 00 
00 90 63 01 00 00 
00 90 64 01 00 00 
00 90 65 01 00 00 
00 90 66 01 00 00 
00 90 67 01 00 00 
00 90 68 01 00 00 
00 90 69 01 00 00 
00 90 6A 01 00 00 
00 90 6B 01 00 00 
00 90 6C 01 00 00 
00 90 6D 01 00 00 
00 90 6E 01 00 00 
00 90 6F 01 00 00 
00 90 70 01 00 00 
00 90 71 01 00 00 
00 90 72 01 00 00 
00 90 73 01 00 00 
00 90 74 01 00 00 
00 90 75 01 00 00 
00 90 76 01 00 00 
00 90 77 01 00 00 
00 90 78 01 00 00 
00 90 79 01 00 00 
00 90 7A 01 00 00 
00 90 7B 01 00 00 
00 90 7C 01 00 00 
00 90 7D 01 00 00 
00 90 7E 01 00 00 
00 90 7F 01 00 00 
00 90 80 01 00 00 
00 90 81 01 00 00 
00 90 82 01 00 00 
00 90 83 01 00 00 
00 90 84 01 00 00 
00 90 85 01 00 00 
00 90 86 01 00 00 
00 90 87 01 00 00 
00 90 88 01 00 00 
00 90 89 01 00 00 
00 90 8A 01 00 00 
00 90 8B 01 00 00 
00 90 8C 01 00 00 
00 90 8D 01 00 00 
00 90 8E 01 00 00 
00 90 8F 01 00 00 
00 90 90 01 00 00 
00 90 91 01 00 00 
00 90 92 01 00 00 
00 90 93 01 00 00 
00 90 94 01 00 00 
00 90 95 01 00 00 
00 90 96 01 00 00 
00 90 97 01 00 00 
00 90 98 01 00 00 
00 90 99 01 00 00 
00 90 9A 01 00 00 
00 90 9B 01 00 00 
00 90 9C 01 00 00 
00 90 9D 01 00 00 
00 00 00 00 00 00 
00 00 
00 90 9E 01 00 00 
00 90 9F 01 00 00 
00 90 A0 01 00 00 
00 90 A1 01 00 00 
00 90 A2 01 00 00 
00 90 A3 01 00 00 
00 90 A4 01 00 00 
00 90 A5 01 00 00 
00 90 A6 01 00 00 
00 90 A7 01 00 00 
00 90 A8 01 00 00 
00 90 A9 01 00 00 
00 90 AA 01 00 00 
00 90 AB 01 00 00 
00 90 AC 01 00 00 
00 90 AD 01 00 00 
00 90 AE 01 00 00 
00 90 AF 01 00 00 
00 90 B0 01 00 00 
00 90 B1 01 00 00 
00 90 B2 01 00 00 
00 90 B3 01 00 00 
00 90 B4 01 00 00 
00 90 B5 01 00 00 
00 90 B6 01 00 00 
00 90 B7 01 00 00 
00 90 B8 01 00 00 
00 90 B9 01 00 00 
00 90 BA 01 00 00 
00 90 BB 01 00 00 
00 90 BC 01 00 00 
00 90 BD 01 00 00 
00 90 BE 01 00 00 
00 90 BF 01 00 00 
00 90 C0 01 00 00 
00 90 C1 01 00 00 
00 90 C2 01 00 00 
00 90 C3 01 00 00 
00 90 C4 01 00 00 
00 90 C5 01 00 00 
00 90 C6 01 00 00 
00 90 C7 01 00 00 
00 90 C8 01 00 00 
00 90 C9 01 00 00 
00 90 CA 01 00 00 
00 90 CB 01 00 00 
00 90 CC 01 00 00 
00 90 CD 01 00 00 
00 90 CE 01 00 00 
00 90 CF 01 00 00 
00 90 D0 01 00 00 
00 90 D1 01 00 00 
00 90 D2 01 00 00 
00 90 D3 01 00 00 
00 90 D4 01 00 00 
00 90 D5 01 00 00 
00 90 D6 01 00 00 
00 90 D7 01 00 00 
00 90 D8 01 00 00 
00 90 D9 01 00 00 
00 90 DA 01 00 00 
00 90 DB 01 00 00 
00 90 DC 01 00 00 
00 90 DD 01 00 00 
00 90 DE 01 00 00 
00 90 DF 01 00 00 
00 90 E0 01 00 00 
00 90 E1 01 00 00 
00 90 E2 01 00 00 
00 90 E3 01 00 00 
00 90 E4 01 00 00 
00 90 E5 01 00 00 
00 90 E6 01 00 00 
00 90 E7 01 00 00 
00 90 E8 01 00 00 
00 90 E9 01 00 00 
00 90 EA 01 00 00 
00 90 EB 01 00 00 
00 90 EC 01 00 00 
00 90 ED 01 00 00 
00 90 EE 01 00 00 
00 90 EF 01 00 00 
00 90 F0 01 00 00 
00 90 F1 01 00 00 
00 00 00 00 00 00 
00 00 
00 90 F2 01 00 00 
00 90 F3 01 00 00 
00 90 F4 01 00 00 
00 90 F5 01 00 00 
00 90 F6 01 00 00 
00 90 F7 01 00 00 
00 90 F8 01 00 00 
00 90 F9 01 00 00 
00 90 FA 01 00 00 
00 90 FB 01 00 00 
00 90 FC 01 00 00 
00 90 FD 01 00 00 
00 90 FE 01 00 00 
00 90 FF 01 00 00 
00 90 00 02 00 00 
00 90 01 02 00 00 
00 90 02 02 00 00 
00 90 03 02 00 00 
00 90 04 02 00 00 
00 90 05 02 00 00 
00 90 06 02 00 00 
00 90 07 02 00 00 
00 90 08 02 00 00 
00 90 09 02 00 00 
00 90 0A 02 00 00 
00 90 0B 02 00 00 
00 90 0C 02 00 00 
00 90 0D 02 00 00 
00 90 0E 02 00 00 
00 90 0F 02 00 00 
00 90 10 02 00 00 
00 90 11 02 00 00 
00 90 12 02 00 00 
00 90 13 02 00 00 
00 90 14 02 00 00 
00 90 15 02 00 00 
00 90 16 02 00 00 
00 90 17 02 00 00 
00 90 18 02 00 00 
00 90 19 02 00 00 
00 90 1A 02 00 00 
00 90 1B 02 00 00 
00 90 1C 02 00 00 
00 90 1D 02 00 00 
00 80 1E 02 38 00 
00 80 1F 02 39 00 
00 90 20 02 3A 00 
00 90 21 02 3A 00 
00 90 22 02 3A 00 
00 90 23 02 3A 00 
00 90 24 02 3A 00 
00 90 25 02 3A 00 
00 80 26 02 E0 00 
00 80 27 02 E1 00 
00 90 28 02 E2 00 
00 90 29 02 E2 00 
00 90 2A 02 E2 00 
00 90 2B 02 E2 00 
00 90 2C 02 E2 00 
00 90 2D 02 E2 00 
00 80 2E 02 00 00 
00 80 2F 02 01 00 
00 80 30 02 02 00 
00 80 31 02 03 00 
00 90 32 02 04 00 
00 90 33 02 04 00 
00 90 34 02 04 00 
00 90 35 02 04 00 
00 90 36 02 04 00 
00 90 37 02 04 00 
00 80 38 02 08 00 
00 80 39 02 09 00 
00 80 3A 02 0A 00 
00 90 3B 02 0B 00 
00 90 3C 02 0B 00 
00 90 3D 02 0B 00 
00 80 3E 02 0B 00 
00 80 3F 02 0C 00 
00 90 40 02 0D 00 
00 80 41 02 0D 00 
00 80 42 02 0E 00 
00 80 43 02 0F 00 
00 90 44 02 10 00 
00 80 45 02 10 00 
00 00 00 00 00 00 
00 00 
00 80 46 02 11 00 
00 90 47 02 12 00 
00 80 48 02 12 00 
00 80 49 02 13 00 
00 90 4A 02 14 00 
00 90 4B 02 14 00 
00 90 4C 02 14 00 
00 80 4D 02 14 00 
00 80 4E 02 15 00 
00 80 4F 02 16 00 
00 80 50 02 17 00 
00 80 51 02 18 00 
00 80 52 02 19 00 
00 90 53 02 1A 00 
00 90 54 02 1A 00 
00 90 55 02 1A 00 
00 90 56 02 1A 00 
00 90 57 02 1A 00 
00 80 58 02 1A 00 
00 80 59 02 1B 00 
00 80 5A 02 1C 00 
00 80 5B 02 1D 00 
00 90 5C 02 1E 00 
00 90 5D 02 1E 00 
00 90 5E 02 1E 00 
00 90 5F 02 1E 00 
00 90 60 02 1E 00 
00 80 61 02 1E 00 
00 80 62 02 1F 00 
00 80 63 02 20 00 
00 90 64 02 21 00 
00 80 65 02 21 00 
00 80 66 02 22 00 
00 90 67 02 23 00 
00 80 68 02 23 00 
00 80 69 02 24 00 
00 90 6A 02 25 00 
00 80 6B 02 25 00 
00 80 6C 02 26 00 
00 80 6D 02 27 00 
00 80 6E 02 28 00 
00 80 6F 02 29 00 
00 90 70 02 2A 00 
00 80 71 02 2A 00 
00 80 72 02 2B 00 
00 90 73 02 2C 00 
00 80 74 02 2C 00 
00 80 75 02 2D 00 
00 90 76 02 2E 00 
00 80 77 02 2E 00 
00 80 78 02 2F 00 
00 80 79 02 30 00 
00 90 7A 02 31 00 
00 80 7B 02 31 00 
00 80 7C 02 32 00 
00 80 7D 02 33 00 
00 90 7E 02 34 00 
00 80 7F 02 34 00 
00 80 80 02 35 00 
00 80 81 02 36 00 
00 80 82 02 37 00 
00 90 83 02 38 00 
00 80 84 02 3A 00 
00 90 85 02 3B 00 
00 80 86 02 3B 00 
00 80 87 02 3C 00 
00 90 88 02 3D 00 
00 90 89 02 3D 00 
00 90 8A 02 3D 00 
00 80 8B 02 3D 00 
00 80 8C 02 3E 00 
00 80 8D 02 3F 00 
00 80 8E 02 40 00 
00 80 8F 02 41 00 
00 80 90 02 42 00 
00 80 91 02 43 00 
00 80 92 02 44 00 
00 90 93 02 45 00 
00 80 94 02 45 00 
00 80 95 02 46 00 
00 90 96 02 47 00 
00 90 97 02 47 00 
00 80 98 02 47 00 
00 80 99 02 48 00 
00 00 00 00 00 00 
00 00 
00 90 9A 02 49 00 
00 80 9B 02 49 00 
00 80 9C 02 4A 00 
00 90 9D 02 4B 00 
00 90 9E 02 4B 00 
00 80 9F 02 4B 00 
00 80 A0 02 4C 00 
00 90 A1 02 4D 00 
00 80 A2 02 4D 00 
00 80 A3 02 4E 00 
00 90 A4 02 4F 00 
00 80 A5 02 4F 00 
00 80 A6 02 50 00 
00 80 A7 02 51 00 
00 80 A8 02 52 00 
00 90 A9 02 53 00 
00 80 AA 02 53 00 
00 80 AB 02 54 00 
00 80 AC 02 55 00 
00 80 AD 02 56 00 
00 80 AE 02 57 00 
00 80 AF 02 58 00 
00 80 B0 02 59 00 
00 90 B1 02 5A 00 
00 90 B2 02 5A 00 
00 80 B3 02 5A 00 
00 80 B4 02 5B 00 
00 80 B5 02 5C 00 
00 80 B6 02 5D 00 
00 80 B7 02 5E 00 
00 80 B8 02 5F 00 
00 90 B9 02 60 00 
00 80 BA 02 60 00 
00 80 BB 02 61 00 
00 80 BC 02 62 00 
00 80 BD 02 63 00 
00 80 BE 02 64 00 
00 80 BF 02 65 00 
00 80 C0 02 66 00 
00 80 C1 02 67 00 
00 90 C2 02 68 00 
00 90 C3 02 68 00 
00 80 C4 02 68 00 
00 80 C5 02 69 00 
00 80 C6 02 6A 00 
00 80 C7 02 6B 00 
00 80 C8 02 6C 00 
00 80 C9 02 6D 00 
00 80 CA 02 6E 00 
00 80 CB 02 6F 00 
00 90 CC 02 70 00 
00 80 CD 02 70 00 
00 80 CE 02 71 00 
00 80 CF 02 72 00 
00 80 D0 02 73 00 
00 90 D1 02 74 00 
00 80 D2 02 74 00 
00 80 D3 02 75 00 
00 80 D4 02 76 00 
00 80 D5 02 77 00 
00 80 D6 02 78 00 
00 80 D7 02 79 00 
00 80 D8 02 7A 00 
00 80 D9 02 7B 00 
00 80 DA 02 7C 00 
00 80 DB 02 7D 00 
00 90 DC 02 7E 00 
00 80 DD 02 7E 00 
00 80 DE 02 7F 00 
00 80 DF 02 80 00 
00 80 E0 02 81 00 
00 80 E1 02 82 00 
00 80 E2 02 83 00 
00 90 E3 02 84 00 
00 80 E4 02 84 00 
00 80 E5 02 85 00 
00 80 E6 02 86 00 
00 80 E7 02 87 00 
00 90 E8 02 88 00 
00 90 E9 02 88 00 
00 80 EA 02 88 00 
00 80 EB 02 89 00 
00 90 EC 02 8A 00 
00 90 ED 02 8A 00 
00 00 00 00 00 00 
00 00 
00 90 EE 02 8A 00 
00 90 EF 02 8A 00 
00 90 F0 02 8A 00 
00 90 F1 02 8A 00 
00 90 F2 02 8A 00 
00 90 F3 02 8A 00 
00 90 F4 02 8A 00 
00 80 F5 02 8A 00 
00 80 F6 02 8B 00 
00 80 F7 02 8C 00 
00 80 F8 02 8D 00 
00 80 F9 02 8E 00 
00 80 FA 02 8F 00 
00 80 FB 02 90 00 
00 80 FC 02 91 00 
00 80 FD 02 92 00 
00 80 FE 02 93 00 
00 80 FF 02 94 00 
00 80 00 03 95 00 
00 80 01 03 96 00 
00 80 02 03 97 00 
00 80 03 03 98 00 
00 80 04 03 99 00 
00 90 05 03 9A 00 
00 90 06 03 9A 00 
00 80 07 03 9A 00 
00 80 08 03 9B 00 
00 80 09 03 9C 00 
00 80 0A 03 9D 00 
00 80 0B 03 9E 00 
00 80 0C 03 9F 00 
00 80 0D 03 A0 00 
00 80 0E 03 A1 00 
00 80 0F 03 A2 00 
00 80 10 03 A3 00 
00 80 11 03 A4 00 
00 80 12 03 A5 00 
00 80 13 03 A6 00 
00 80 14 03 A7 00 
00 80 15 03 A8 00 
00 90 16 03 A9 00 
00 80 17 03 A9 00 
00 80 18 03 AA 00 
00 80 19 03 AB 00 
00 80 1A 03 AC 00 
00 80 1B 03 AD 00 
00 80 1C 03 AE 00 
00 80 1D 03 AF 00 
00 80 1E 03 B0 00 
00 80 1F 03 B1 00 
00 80 20 03 B2 00 
00 80 21 03 B3 00 
00 80 22 03 B4 00 
00 80 23 03 B5 00 
00 80 24 03 B6 00 
00 80 25 03 B7 00 
00 80 26 03 B8 00 
00 80 27 03 B9 00 
00 80 28 03 BA 00 
00 80 29 03 BB 00 
00 80 2A 03 BC 00 
00 80 2B 03 BD 00 
00 80 2C 03 BE 00 
00 80 2D 03 BF 00 
00 80 2E 03 C0 00 
00 80 2F 03 C1 00 
00 80 30 03 C2 00 
00 80 31 03 C3 00 
00 80 32 03 C4 00 
00 80 33 03 C5 00 
00 80 34 03 C6 00 
00 80 35 03 C7 00 
00 80 36 03 C8 00 
00 80 37 03 C9 00 
00 80 38 03 CA 00 
00 80 39 03 CB 00 
00 80 3A 03 CC 00 
00 80 3B 03 CD 00 
00 80 3C 03 CE 00 
00 80 3D 03 CF 00 
00 80 3E 03 D0 00 
00 80 3F 03 D1 00 
00 80 40 03 D2 00 
00 80 41 03 D3 00 
00 00 00 00 00 00 
00 00 
00 80 42 03 D4 00 
00 80 43 03 D5 00 
00 80 44 03 D6 00 
00 80 45 03 D7 00 
00 80 46 03 D8 00 
00 90 47 03 D9 00 
00 80 48 03 D9 00 
00 80 49 03 DA 00 
00 80 4A 03 DB 00 
00 90 4B 03 DC 00 
00 90 4C 03 DC 00 
00 90 4D 03 DC 00 
00 90 4E 03 DC 00 
00 90 4F 03 DC 00 
00 80 50 03 DC 00 
00 80 51 03 DD 00 
00 80 52 03 DE 00 
00 80 53 03 DF 00 
00 90 54 03 E0 00 
00 90 55 03 E0 00 
00 90 56 03 E0 00 
00 90 57 03 E0 00 
00 90 58 03 E0 00 
00 90 59 03 E0 00 
00 90 5A 03 E0 00 
00 90 5B 03 E0 00 
00 90 5C 03 E0 00 
00 80 5D 03 E6 00 
00 90 5E 03 E7 00 
00 90 5F 03 E7 00 
00 90 60 03 E7 00 
00 90 61 03 E7 00 
00 90 62 03 E7 00 
00 90 63 03 E7 00 
00 90 64 03 E7 00 
00 90 65 03 E7 00 
00 90 66 03 E7 00 
00 90 67 03 E7 00 
00 90 68 03 E7 00 
00 80 69 03 F3 00 
00 80 6A 03 F4 00 
00 90 6B 03 F5 00 
00 90 6C 03 F5 00 
00 90 6D 03 F5 00 
00 90 6E 03 F5 00 
00 80 6F 03 F5 00 
00 80 70 03 F6 00 
00 80 71 03 F7 00 
00 80 72 03 F8 00 
00 80 73 03 F9 00 
00 90 74 03 FA 00 
00 90 75 03 FA 00 
00 90 76 03 FA 00 
00 90 77 03 FA 00 
00 90 78 03 FA 00 
00 90 79 03 FA 00 
00 90 7A 03 FA 00 
00 80 7B 03 FA 00 
00 80 7C 03 FB 00 
00 80 7D 03 FC 00 
00 80 7E 03 FD 00 
00 90 7F 03 FE 00 
00 80 80 03 FE 00 
00 80 81 03 FF 00 
00 80 82 03 00 01 
00 90 83 03 01 01 
00 80 84 03 01 01 
00 80 85 03 02 01 
00 80 86 03 03 01 
00 80 87 03 04 01 
00 90 88 03 05 01 
00 90 89 03 05 01 
00 90 8A 03 05 01 
00 90 8B 03 05 01 
00 90 8C 03 05 01 
00 90 8D 03 05 01 
00 90 8E 03 05 01 
00 90 8F 03 05 01 
00 90 90 03 05 01 
00 90 91 03 05 01 
00 80 92 03 0D 01 
00 90 93 03 0E 01 
00 80 94 03 0E 01 
00 90 95 03 0F 01 
00 00 00 00 00 00 
00 00 
00 90 96 03 0F 01 
00 80 97 03 0F 01 
00 90 98 03 10 01 
00 90 99 03 10 01 
00 90 9A 03 10 01 
00 80 9B 03 14 01 
00 90 9C 03 15 01 
00 80 9D 03 17 01 
00 80 9E 03 18 01 
00 90 9F 03 19 01 
00 90 A0 03 19 01 
00 80 A1 03 1D 01 
00 80 A2 03 1E 01 
00 90 A3 03 1F 01 
00 90 A4 03 1F 01 
00 90 A5 03 1F 01 
00 80 A6 03 21 01 
00 80 A7 03 22 01 
00 80 A8 03 23 01 
00 80 A9 03 24 01 
00 90 AA 03 25 01 
00 80 AB 03 25 01 
00 80 AC 03 26 01 
00 90 AD 03 27 01 
00 90 AE 03 27 01 
00 90 AF 03 27 01 
00 90 B0 03 27 01 
00 90 B1 03 27 01 
00 90 B2 03 27 01 
00 90 B3 03 27 01 
00 80 B4 03 2F 01 
00 80 B5 03 30 01 
00 80 B6 03 31 01 
00 80 B7 03 32 01 
00 90 B8 03 33 01 
00 80 B9 03 33 01 
00 80 BA 03 34 01 
00 90 BB 03 35 01 
00 80 BC 03 35 01 
00 90 BD 03 36 01 
00 90 BE 03 36 01 
00 90 BF 03 36 01 
00 90 C0 03 36 01 
00 90 C1 03 36 01 
00 90 C2 03 36 01 
00 80 C3 03 3A 01 
00 90 C4 03 3B 01 
00 90 C5 03 3B 01 
00 80 C6 03 3B 01 
00 80 C7 03 3C 01 
00 80 C8 03 3D 01 
00 80 C9 03 3E 01 
00 80 CA 03 3F 01 
00 80 CB 03 40 01 
00 90 CC 03 41 01 
00 80 CD 03 41 01 
00 80 CE 03 42 01 
00 80 CF 03 43 01 
00 80 D0 03 44 01 
00 80 D1 03 45 01 
00 80 D2 03 46 01 
00 90 D3 03 47 01 
00 90 D4 03 47 01 
00 80 D5 03 47 01 
00 80 D6 03 48 01 
00 80 D7 03 49 01 
00 80 D8 03 4A 01 
00 80 D9 03 4B 01 
00 80 DA 03 4C 01 
00 80 DB 03 4D 01 
00 80 DC 03 4E 01 
00 80 DD 03 4F 01 
00 80 DE 03 50 01 
00 80 DF 03 51 01 
00 80 E0 03 52 01 
00 80 E1 03 53 01 
00 80 E2 03 54 01 
00 90 E3 03 55 01 
00 80 E4 03 55 01 
00 90 E5 03 56 01 
00 90 E6 03 56 01 
00 90 E7 03 56 01 
00 90 E8 03 56 01 
00 90 E9 03 56 01 
00 00 00 00 00 00 
00 00 
00 90 EA 03 56 01 
00 80 EB 03 5E 01 
00 90 EC 03 5F 01 
00 90 ED 03 5F 01 
00 90 EE 03 5F 01 
00 90 EF 03 5F 01 
00 90 F0 03 5F 01 
00 80 F1 03 67 01 
00 90 F2 03 68 01 
00 90 F3 03 68 01 
00 90 F4 03 68 01 
00 80 F5 03 68 01 
00 80 F6 03 69 01 
00 80 F7 03 6A 01 
00 80 F8 03 6B 01 
00 80 F9 03 6C 01 
00 80 FA 03 6D 01 
00 80 FB 03 6E 01 
00 80 FC 03 6F 01 
00 80 FD 03 70 01 
00 80 FE 03 71 01 
00 80 FF 03 72 01 
00 80 00 04 73 01 
00 80 01 04 74 01 
00 80 02 04 75 01 
00 80 03 04 76 01 
00 80 04 04 77 01 
00 90 05 04 78 01 
00 90 06 04 78 01 
00 80 07 04 78 01 
00 80 08 04 79 01 
00 80 09 04 7A 01 
00 80 0A 04 7B 01 
00 80 0B 04 7C 01 
00 80 0C 04 7D 01 
00 80 0D 04 7E 01 
00 80 0E 04 7F 01 
00 80 0F 04 80 01 
00 80 10 04 81 01 
00 80 11 04 82 01 
00 80 12 04 83 01 
00 90 13 04 84 01 
00 90 14 04 84 01 
00 90 15 04 84 01 
00 90 16 04 84 01 
00 90 17 04 84 01 
00 90 18 04 84 01 
00 90 19 04 84 01 
00 90 1A 04 84 01 
00 90 1B 04 84 01 
00 90 1C 04 84 01 
00 90 1D 04 84 01 
00 90 1E 04 84 01 
00 90 1F 04 84 01 
00 90 20 04 84 01 
00 80 21 04 84 01 
00 80 22 04 85 01 
00 80 23 04 86 01 
00 80 24 04 87 01 
00 80 25 04 88 01 
00 90 26 04 89 01 
00 90 27 04 89 01 
00 90 28 04 89 01 
00 90 29 04 89 01 
00 90 2A 04 89 01 
00 90 2B 04 89 01 
00 80 2C 04 89 01 
00 80 2D 04 8A 01 
00 80 2E 04 8B 01 
00 80 2F 04 8C 01 
00 80 30 04 8D 01 
00 80 31 04 8E 01 
00 90 32 04 8F 01 
00 80 33 04 8F 01 
00 80 34 04 90 01 
00 80 35 04 91 01 
00 80 36 04 92 01 
00 80 37 04 93 01 
00 80 38 04 94 01 
00 80 39 04 95 01 
00 80 3A 04 96 01 
00 90 3B 04 97 01 
00 90 3C 04 97 01 
00 90 3D 04 97 01 
00 00 00 00 00 00 
00 00 
00 90 3E 04 97 01 
00 90 3F 04 97 01 
00 90 40 04 97 01 
00 80 41 04 97 01 
00 80 42 04 98 01 
00 80 43 04 99 01 
00 80 44 04 9A 01 
00 80 45 04 9B 01 
00 80 46 04 9C 01 
00 80 47 04 9D 01 
00 80 48 04 9E 01 
00 90 49 04 9F 01 
00 80 4A 04 9F 01 
00 80 4B 04 A0 01 
00 80 4C 04 A1 01 
00 80 4D 04 A2 01 
00 80 4E 04 A3 01 
00 80 4F 04 A4 01 
00 80 50 04 A5 01 
00 80 51 04 A6 01 
00 80 52 04 A7 01 
00 80 53 04 A8 01 
00 80 54 04 A9 01 
00 90 55 04 AA 01 
00 90 56 04 AA 01 
00 90 57 04 AA 01 
00 90 58 04 AA 01 
00 90 59 04 AA 01 
00 90 5A 04 AA 01 
00 90 5B 04 AA 01 
00 90 5C 04 AA 01 
00 90 5D 04 AA 01 
00 90 5E 04 AA 01 
00 90 5F 04 AA 01 
00 80 60 04 AA 01 
00 90 61 04 AB 01 
00 90 62 04 AB 01 
00 80 63 04 AD 01 
00 80 64 04 AE 01 
00 80 65 04 AF 01 
00 80 66 04 B0 01 
00 80 67 04 B1 01 
00 80 68 04 B2 01 
00 80 69 04 B3 01 
00 90 6A 04 B4 01 
00 80 6B 04 B4 01 
00 80 6C 04 B5 01 
00 80 6D 04 B6 01 
00 90 6E 04 B7 01 
00 80 6F 04 B7 01 
00 80 70 04 B8 01 
00 80 71 04 B9 01 
00 90 72 04 BA 01 
00 80 73 04 BA 01 
00 80 74 04 BB 01 
00 80 75 04 BC 01 
00 90 76 04 BD 01 
00 80 77 04 BD 01 
00 80 78 04 BE 01 
00 90 79 04 BF 01 
00 90 7A 04 BF 01 
00 90 7B 04 BF 01 
00 90 7C 04 BF 01 
00 90 7D 04 BF 01 
00 80 7E 04 C5 01 
00 90 7F 04 C6 01 
00 80 80 04 C6 01 
00 80 81 04 C7 01 
00 80 82 04 C8 01 
00 90 83 04 C9 01 
00 90 84 04 C9 01 
00 90 85 04 C9 01 
00 80 86 04 C9 01 
00 80 87 04 CA 01 
00 80 88 04 CB 01 
00 80 89 04 CC 01 
00 90 8A 04 CD 01 
00 80 8B 04 CD 01 
00 80 8C 04 CE 01 
00 80 8D 04 CF 01 
00 80 8E 04 D0 01 
00 80 8F 04 D1 01 
00 80 90 04 D2 01 
00 90 91 04 D3 01 
00 00 00 00 00 00 
00 00 
00 80 92 04 D3 01 
00 80 93 04 D4 01 
00 90 94 04 D5 01 
00 80 95 04 D5 01 
00 80 96 04 D6 01 
00 80 97 04 D7 01 
00 80 98 04 D8 01 
00 80 99 04 D9 01 
00 80 9A 04 DA 01 
00 80 9B 04 DB 01 
00 90 9C 04 DC 01 
00 90 9D 04 DC 01 
00 90 9E 04 DC 01 
00 90 9F 04 DC 01 
00 90 A0 04 DC 01 
00 90 A1 04 DC 01 
00 90 A2 04 DC 01 
00 90 A3 04 DC 01 
00 80 A4 04 DC 01 
00 80 A5 04 DD 01 
00 80 A6 04 DE 01 
00 80 A7 04 DF 01 
00 80 A8 04 E0 01 
00 80 A9 04 E1 01 
00 90 AA 04 E2 01 
00 90 AB 04 E2 01 
00 90 AC 04 E2 01 
00 90 AD 04 E2 01 
00 90 AE 04 E2 01 
00 80 AF 04 E8 01 
00 80 B0 04 E9 01 
00 80 B1 04 EA 01 
00 90 B2 04 EB 01 
00 90 B3 04 EB 01 
00 80 B4 04 ED 01 
00 90 B5 04 EE 01 
00 80 B6 04 EE 01 
00 80 B7 04 EF 01 
00 90 B8 04 F0 01 
00 80 B9 04 F0 01 
00 80 BA 04 F1 01 
00 90 BB 04 F2 01 
00 80 BC 04 F2 01 
00 80 BD 04 F3 01 
00 90 BE 04 F4 01 
00 80 BF 04 F4 01 
00 80 C0 04 F5 01 
00 90 C1 04 F6 01 
00 80 C2 04 F6 01 
00 80 C3 04 F7 01 
00 90 C4 04 F8 01 
00 80 C5 04 F8 01 
00 80 C6 04 F9 01 
00 90 C7 04 FA 01 
00 80 C8 04 FA 01 
00 80 C9 04 FB 01 
00 90 CA 04 FC 01 
00 80 CB 04 FC 01 
00 80 CC 04 FD 01 
00 90 CD 04 FE 01 
00 80 CE 04 FE 01 
00 80 CF 04 FF 01 
00 80 D0 04 00 02 
00 80 D1 04 01 02 
00 80 D2 04 02 02 
00 80 D3 04 03 02 
00 80 D4 04 04 02 
00 90 D5 04 05 02 
00 80 D6 04 05 02 
00 80 D7 04 06 02 
00 80 D8 04 07 02 
00 90 D9 04 08 02 
00 90 DA 04 08 02 
00 90 DB 04 08 02 
00 90 DC 04 08 02 
00 90 DD 04 08 02 
00 90 DE 04 08 02 
00 90 DF 04 08 02 
00 90 E0 04 08 02 
00 80 E1 04 08 02 
00 80 E2 04 09 02 
00 80 E3 04 0A 02 
00 80 E4 04 0B 02 
00 80 E5 04 0C 02 
00 00 00 00 00 00 
00 00 
00 90 E6 04 0D 02 
00 90 E7 04 0D 02 
00 90 E8 04 0D 02 
00 90 E9 04 0D 02 
00 80 EA 04 11 02 
00 80 EB 04 12 02 
00 80 EC 04 13 02 
00 90 ED 04 14 02 
00 80 EE 04 14 02 
00 80 EF 04 15 02 
00 90 F0 04 16 02 
00 80 F1 04 16 02 
00 80 F2 04 17 02 
00 90 F3 04 18 02 
00 80 F4 04 18 02 
00 90 F5 04 19 02 
00 80 F6 04 1B 02 
00 80 F7 04 1C 02 
00 90 F8 04 1D 02 
00 90 F9 04 1D 02 
00 90 FA 04 1D 02 
00 90 FB 04 1D 02 
00 80 FC 04 21 02 
00 80 FD 04 22 02 
00 80 FE 04 23 02 
00 90 FF 04 24 02 
00 80 00 05 24 02 
00 80 01 05 25 02 
00 90 02 05 26 02 
00 80 03 05 26 02 
00 80 04 05 27 02 
00 80 05 05 28 02 
00 90 06 05 29 02 
00 80 07 05 2B 02 
00 80 08 05 2C 02 
00 90 09 05 2D 02 
00 80 0A 05 2D 02 
00 90 0B 05 2E 02 
00 90 0C 05 2E 02 
00 80 0D 05 30 02 
00 80 0E 05 31 02 
00 80 0F 05 32 02 
00 90 10 05 33 02 
00 80 11 05 33 02 
00 80 12 05 34 02 
00 90 13 05 35 02 
00 80 14 05 35 02 
00 80 15 05 36 02 
00 80 16 05 37 02 
00 90 17 05 38 02 
00 80 18 05 3A 02 
00 80 19 05 3B 02 
00 90 1A 05 3C 02 
00 90 1B 05 3C 02 
00 90 1C 05 3C 02 
00 80 1D 05 3E 02 
00 80 1E 05 3F 02 
00 90 1F 05 40 02 
00 80 20 05 40 02 
00 80 21 05 41 02 
00 80 22 05 42 02 
00 80 23 05 43 02 
00 80 24 05 44 02 
00 90 25 05 45 02 
00 90 26 05 45 02 
00 80 27 05 47 02 
00 90 28 05 48 02 
00 90 29 05 48 02 
00 90 2A 05 48 02 
00 90 2B 05 48 02 
00 90 2C 05 48 02 
00 90 2D 05 48 02 
00 90 2E 05 48 02 
00 90 2F 05 48 02 
00 80 30 05 48 02 
00 80 31 05 49 02 
00 80 32 05 4A 02 
00 80 33 05 4B 02 
00 80 34 05 4C 02 
00 80 35 05 4D 02 
00 80 36 05 4E 02 
00 80 37 05 4F 02 
00 80 38 05 50 02 
00 80 39 05 51 02 
00 00 00 00 00 00 
00 00 
00 90 3A 05 52 02 
00 80 3B 05 52 02 
00 80 3C 05 53 02 
00 80 3D 05 54 02 
00 80 3E 05 55 02 
00 80 3F 05 56 02 
00 80 40 05 57 02 
00 80 41 05 58 02 
00 80 42 05 59 02 
00 90 43 05 5A 02 
00 90 44 05 5A 02 
00 90 45 05 5A 02 
00 80 46 05 5A 02 
00 80 47 05 5B 02 
00 80 48 05 5C 02 
00 80 49 05 5D 02 
00 80 4A 05 5E 02 
00 90 4B 05 5F 02 
00 80 4C 05 5F 02 
00 90 4D 05 60 02 
00 90 4E 05 60 02 
00 90 4F 05 60 02 
00 90 50 05 60 02 
00 80 51 05 60 02 
00 80 52 05 61 02 
00 80 53 05 62 02 
00 80 54 05 63 02 
00 80 55 05 64 02 
00 80 56 05 65 02 
00 80 57 05 66 02 
00 80 58 05 67 02 
00 80 59 05 68 02 
00 80 5A 05 69 02 
00 80 5B 05 6A 02 
00 80 5C 05 6B 02 
00 80 5D 05 6C 02 
00 80 5E 05 6D 02 
00 80 5F 05 6E 02 
00 80 60 05 6F 02 
00 80 61 05 70 02 
00 80 62 05 71 02 
00 90 63 05 72 02 
00 80 64 05 72 02 
00 80 65 05 73 02 
00 80 66 05 74 02 
00 80 67 05 75 02 
00 80 68 05 76 02 
00 80 69 05 77 02 
00 80 6A 05 78 02 
00 80 6B 05 79 02 
00 80 6C 05 7A 02 
00 80 6D 05 7B 02 
00 80 6E 05 7C 02 
00 80 6F 05 7D 02 
00 80 70 05 7E 02 
00 80 71 05 7F 02 
00 80 72 05 80 02 
00 80 73 05 81 02 
00 80 74 05 82 02 
00 80 75 05 83 02 
00 90 76 05 84 02 
00 80 77 05 84 02 
00 90 78 05 85 02 
00 90 79 05 85 02 
00 90 7A 05 85 02 
00 90 7B 05 85 02 
00 90 7C 05 85 02 
00 90 7D 05 85 02 
00 90 7E 05 85 02 
00 90 7F 05 85 02 
00 90 80 05 85 02 
00 90 81 05 85 02 
00 90 82 05 85 02 
00 90 83 05 85 02 
00 90 84 05 85 02 
00 80 85 05 85 02 
00 80 86 05 86 02 
00 80 87 05 87 02 
00 80 88 05 88 02 
00 80 89 05 89 02 
00 80 8A 05 8A 02 
00 80 8B 05 8B 02 
00 80 8C 05 8C 02 
00 90 8D 05 8D 02 
00 00 00 00 00 00 
00 00 
00 90 8E 05 8D 02 
00 90 8F 05 8D 02 
00 90 90 05 8D 02 
00 90 91 05 8D 02 
00 90 92 05 8D 02 
00 90 93 05 8D 02 
00 90 94 05 8D 02 
00 90 95 05 8D 02 
00 90 96 05 8D 02 
00 90 97 05 8D 02 
00 90 98 05 8D 02 
00 80 99 05 9D 02 
00 80 9A 05 9E 02 
00 80 9B 05 9F 02 
00 80 9C 05 A0 02 
00 90 9D 05 A1 02 
00 90 9E 05 A1 02 
00 90 9F 05 A1 02 
00 90 A0 05 A1 02 
00 80 A1 05 A9 02 
00 80 A2 05 AA 02 
00 80 A3 05 AB 02 
00 90 A4 05 AC 02 
00 80 A5 05 AC 02 
00 80 A6 05 AD 02 
00 80 A7 05 AE 02 
00 80 A8 05 AF 02 
00 80 A9 05 B0 02 
00 80 AA 05 B1 02 
00 90 AB 05 B2 02 
00 80 AC 05 B2 02 
00 80 AD 05 B3 02 
00 80 AE 05 B4 02 
00 90 AF 05 B5 02 
00 80 B0 05 B5 02 
00 80 B1 05 B6 02 
00 80 B2 05 B7 02 
00 90 B3 05 B8 02 
00 80 B4 05 B8 02 
00 80 B5 05 B9 02 
00 80 B6 05 BA 02 
00 80 B7 05 BB 02 
00 90 B8 05 BC 02 
00 80 B9 05 BC 02 
00 80 BA 05 BD 02 
00 90 BB 05 BE 02 
00 90 BC 05 BE 02 
00 90 BD 05 BE 02 
00 90 BE 05 BE 02 
00 80 BF 05 C6 02 
00 90 C0 05 C7 02 
00 80 C1 05 C7 02 
00 80 C2 05 C8 02 
00 80 C3 05 C9 02 
00 90 C4 05 CA 02 
00 80 C5 05 CA 02 
00 80 C6 05 CB 02 
00 80 C7 05 CC 02 
00 90 C8 05 CD 02 
00 80 C9 05 CD 02 
00 80 CA 05 CE 02 
00 80 CB 05 CF 02 
00 90 CC 05 D0 02 
00 80 CD 05 D0 02 
00 80 CE 05 D1 02 
00 80 CF 05 D2 02 
00 90 D0 05 D3 02 
00 90 D1 05 D3 02 
00 80 D2 05 D3 02 
00 90 D3 05 D4 02 
00 90 D4 05 D4 02 
00 90 D5 05 D4 02 
00 80 D6 05 D8 02 
00 90 D7 05 D9 02 
00 80 D8 05 D9 02 
00 80 D9 05 DA 02 
00 80 DA 05 DB 02 
00 80 DB 05 DC 02 
00 90 DC 05 DD 02 
00 80 DD 05 DD 02 
00 80 DE 05 DE 02 
00 80 DF 05 DF 02 
00 80 E0 05 E0 02 
00 90 E1 05 E1 02 
00 00 00 00 00 00 
00 00 
00 80 E2 05 E1 02 
00 90 E3 05 E2 02 
00 80 E4 05 E2 02 
00 90 E5 05 E3 02 
00 90 E6 05 E3 02 
00 80 E7 05 E7 02 
00 80 E8 05 E8 02 
00 90 E9 05 E9 02 
00 90 EA 05 E9 02 
00 90 EB 05 E9 02 
00 90 EC 05 E9 02 
00 80 ED 05 ED 02 
00 80 EE 05 EE 02 
00 80 EF 05 EF 02 
00 90 F0 05 F0 02 
00 80 F1 05 F0 02 
00 80 F2 05 F1 02 
00 80 F3 05 F2 02 
00 90 F4 05 F3 02 
00 80 F5 05 F3 02 
00 90 F6 05 F4 02 
00 90 F7 05 F4 02 
00 90 F8 05 F4 02 
00 90 F9 05 F4 02 
00 80 FA 05 F8 02 
00 90 FB 05 F9 02 
00 90 FC 05 F9 02 
00 90 FD 05 F9 02 
00 90 FE 05 F9 02 
00 90 FF 05 F9 02 
00 90 00 06 F9 02 
00 90 01 06 F9 02 
00 90 02 06 F9 02 
00 90 03 06 F9 02 
00 90 04 06 F9 02 
00 80 05 06 F9 02 
00 80 06 06 FA 02 
00 90 07 06 FB 02 
00 90 08 06 FB 02 
00 90 09 06 FB 02 
00 90 0A 06 FB 02 
00 90 0B 06 FB 02 
00 80 0C 06 FF 02 
00 90 0D 06 00 03 
00 90 0E 06 00 03 
00 90 0F 06 00 03 
00 90 10 06 00 03 
00 90 11 06 00 03 
00 90 12 06 00 03 
00 90 13 06 00 03 
00 90 14 06 00 03 
00 90 15 06 00 03 
00 90 16 06 00 03 
00 90 17 06 00 03 
00 90 18 06 00 03 
00 90 19 06 00 03 
00 80 1A 06 04 03 
00 80 1B 06 05 03 
00 90 1C 06 06 03 
00 80 1D 06 06 03 
00 90 1E 06 07 03 
00 90 1F 06 07 03 
00 80 20 06 0B 03 
00 80 21 06 0C 03 
00 90 22 06 0D 03 
00 90 23 06 0D 03 
00 80 24 06 11 03 
00 80 25 06 12 03 
00 90 26 06 13 03 
00 80 27 06 13 03 
00 80 28 06 14 03 
00 80 29 06 15 03 
00 90 2A 06 16 03 
00 90 2B 06 16 03 
00 90 2C 06 16 03 
00 90 2D 06 16 03 
00 90 2E 06 16 03 
00 80 2F 06 1A 03 
00 80 30 06 1B 03 
00 90 31 06 1C 03 
00 80 32 06 1C 03 
00 80 33 06 1D 03 
00 80 34 06 1E 03 
00 90 35 06 1F 03 
00 00 00 00 00 00 
00 00 
00 80 36 06 1F 03 
00 90 37 06 20 03 
00 80 38 06 20 03 
00 90 39 06 21 03 
00 80 3A 06 21 03 
00 80 3B 06 22 03 
00 80 3C 06 23 03 
00 80 3D 06 24 03 
00 80 3E 06 25 03 
00 90 3F 06 26 03 
00 90 40 06 26 03 
00 80 41 06 26 03 
00 80 42 06 27 03 
00 80 43 06 28 03 
00 90 44 06 29 03 
00 80 45 06 29 03 
00 80 46 06 2A 03 
00 80 47 06 2B 03 
00 80 48 06 2C 03 
00 90 49 06 2D 03 
00 80 4A 06 2D 03 
00 80 4B 06 2E 03 
00 90 4C 06 2F 03 
00 80 4D 06 31 03 
00 90 4E 06 32 03 
00 90 4F 06 32 03 
00 90 50 06 32 03 
00 90 51 06 32 03 
00 90 52 06 32 03 
00 90 53 06 32 03 
00 90 54 06 32 03 
00 90 55 06 32 03 
00 80 56 06 3A 03 
00 90 57 06 3B 03 
00 90 58 06 3B 03 
00 90 59 06 3B 03 
00 90 5A 06 3B 03 
00 90 5B 06 3B 03 
00 90 5C 06 3B 03 
00 90 5D 06 3B 03 
00 80 5E 06 43 03 
00 90 5F 06 44 03 
00 90 60 06 44 03 
00 90 61 06 44 03 
00 90 62 06 44 03 
00 90 63 06 44 03 
00 90 64 06 44 03 
00 90 65 06 44 03 
00 80 66 06 4C 03 
00 80 67 06 4D 03 
00 90 68 06 4E 03 
00 80 69 06 4E 03 
00 80 6A 06 4F 03 
00 80 6B 06 50 03 
00 80 6C 06 51 03 
00 90 6D 06 52 03 
00 90 6E 06 52 03 
00 80 6F 06 54 03 
00 80 70 06 55 03 
00 80 71 06 56 03 
00 80 72 06 57 03 
00 90 73 06 58 03 
00 90 74 06 58 03 
00 80 75 06 5A 03 
00 80 76 06 5B 03 
00 80 77 06 5C 03 
00 80 78 06 5D 03 
00 80 79 06 5E 03 
00 90 7A 06 5F 03 
00 90 7B 06 5F 03 
00 90 7C 06 5F 03 
00 90 7D 06 5F 03 
00 90 7E 06 5F 03 
00 90 7F 06 5F 03 
00 90 80 06 5F 03 
00 90 81 06 5F 03 
00 80 82 06 5F 03 
00 80 83 06 60 03 
00 90 84 06 61 03 
00 90 85 06 61 03 
00 90 86 06 61 03 
00 90 87 06 61 03 
00 90 88 06 61 03 
00 90 89 06 61 03 
00 00 00 00 00 00 
00 00 
00 90 8A 06 61 03 
00 90 8B 06 61 03 
00 80 8C 06 67 03 
00 80 8D 06 68 03 
00 80 8E 06 69 03 
00 80 8F 06 6A 03 
00 80 90 06 6B 03 
00 80 91 06 6C 03 
00 80 92 06 6D 03 
00 80 93 06 6E 03 
00 80 94 06 6F 03 
00 80 95 06 70 03 
00 90 96 06 71 03 
00 90 97 06 71 03 
00 90 98 06 71 03 
00 80 99 06 71 03 
00 80 9A 06 72 03 
00 90 9B 06 73 03 
00 80 9C 06 73 03 
00 80 9D 06 74 03 
00 90 9E 06 75 03 
00 90 9F 06 75 03 
00 90 A0 06 75 03 
00 90 A1 06 75 03 
00 90 A2 06 75 03 
00 90 A3 06 75 03 
00 90 A4 06 75 03 
00 80 A5 06 81 03 
00 90 A6 06 82 03 
00 90 A7 06 82 03 
00 80 A8 06 82 03 
00 80 A9 06 83 03 
00 80 AA 06 84 03 
00 80 AB 06 85 03 
00 90 AC 06 86 03 
00 90 AD 06 86 03 
00 90 AE 06 86 03 
00 90 AF 06 86 03 
00 90 B0 06 86 03 
00 80 B1 06 8C 03 
00 80 B2 06 8D 03 
00 80 B3 06 8E 03 
00 90 B4 06 8F 03 
00 90 B5 06 8F 03 
00 90 B6 06 8F 03 
00 80 B7 06 8F 03 
00 80 B8 06 90 03 
00 90 B9 06 91 03 
00 90 BA 06 91 03 
00 90 BB 06 91 03 
00 80 BC 06 91 03 
00 90 BD 06 92 03 
00 90 BE 06 92 03 
00 80 BF 06 92 03 
00 80 C0 06 93 03 
00 80 C1 06 94 03 
00 90 C2 06 95 03 
00 90 C3 06 95 03 
00 90 C4 06 95 03 
00 80 C5 06 99 03 
00 90 C6 06 9A 03 
00 80 C7 06 9A 03 
00 80 C8 06 9B 03 
00 90 C9 06 9C 03 
00 90 CA 06 9C 03 
00 80 CB 06 9C 03 
00 80 CC 06 9D 03 
00 80 CD 06 9E 03 
00 80 CE 06 9F 03 
00 90 CF 06 A0 03 
00 90 D0 06 A0 03 
00 80 D1 06 A0 03 
00 80 D2 06 A1 03 
00 80 D3 06 A2 03 
00 80 D4 06 A3 03 
00 90 D5 06 A4 03 
00 80 D6 06 A4 03 
00 80 D7 06 A5 03 
00 80 D8 06 A6 03 
00 80 D9 06 A7 03 
00 80 DA 06 A8 03 
00 80 DB 06 A9 03 
00 80 DC 06 AA 03 
00 90 DD 06 AB 03 
00 00 00 00 00 00 
00 00 
00 80 DE 06 AB 03 
00 80 DF 06 AC 03 
00 80 E0 06 AD 03 
00 80 E1 06 AE 03 
00 80 E2 06 AF 03 
00 80 E3 06 B0 03 
00 80 E4 06 B1 03 
00 80 E5 06 B2 03 
00 80 E6 06 B3 03 
00 90 E7 06 B4 03 
00 90 E8 06 B4 03 
00 80 E9 06 B4 03 
00 80 EA 06 B5 03 
00 80 EB 06 B6 03 
00 80 EC 06 B7 03 
00 90 ED 06 B8 03 
00 90 EE 06 B8 03 
00 80 EF 06 B8 03 
00 80 F0 06 B9 03 
00 80 F1 06 BA 03 
00 80 F2 06 BB 03 
00 90 F3 06 BC 03 
00 80 F4 06 BC 03 
00 80 F5 06 BD 03 
00 80 F6 06 BE 03 
00 80 F7 06 BF 03 
00 80 F8 06 C0 03 
00 80 F9 06 C1 03 
00 80 FA 06 C2 03 
00 90 FB 06 C3 03 
00 80 FC 06 C3 03 
00 80 FD 06 C4 03 
00 80 FE 06 C5 03 
00 80 FF 06 C6 03 
00 80 00 07 C7 03 
00 80 01 07 C8 03 
00 80 02 07 C9 03 
00 80 03 07 CA 03 
00 80 04 07 CB 03 
00 90 05 07 CC 03 
00 90 06 07 CC 03 
00 80 07 07 CC 03 
00 80 08 07 CD 03 
00 80 09 07 CE 03 
00 80 0A 07 CF 03 
00 90 0B 07 D0 03 
00 80 0C 07 D0 03 
00 80 0D 07 D1 03 
00 80 0E 07 D2 03 
00 80 0F 07 D3 03 
00 90 10 07 D4 03 
00 80 11 07 D4 03 
00 80 12 07 D5 03 
00 80 13 07 D6 03 
00 80 14 07 D7 03 
00 80 15 07 D8 03 
00 80 16 07 D9 03 
00 80 17 07 DA 03 
00 90 18 07 DB 03 
00 80 19 07 DB 03 
00 80 1A 07 DC 03 
00 80 1B 07 DD 03 
00 80 1C 07 DE 03 
00 80 1D 07 DF 03 
00 80 1E 07 E0 03 
00 80 1F 07 E1 03 
00 80 20 07 E2 03 
00 80 21 07 E3 03 
00 90 22 07 E4 03 
00 90 23 07 E4 03 
00 80 24 07 E4 03 
00 80 25 07 E5 03 
00 80 26 07 E6 03 
00 80 27 07 E7 03 
00 90 28 07 E8 03 
00 80 29 07 E8 03 
00 80 2A 07 E9 03 
00 80 2B 07 EA 03 
00 80 2C 07 EB 03 
00 90 2D 07 EC 03 
00 80 2E 07 EC 03 
00 80 2F 07 ED 03 
00 80 30 07 EE 03 
00 80 31 07 EF 03 
00 00 00 00 00 00 
00 00 
00 80 32 07 F0 03 
00 80 33 07 F1 03 
00 80 34 07 F2 03 
00 90 35 07 F3 03 
00 80 36 07 F3 03 
00 80 37 07 F4 03 
00 80 38 07 F5 03 
00 80 39 07 F6 03 
00 80 3A 07 F7 03 
00 80 3B 07 F8 03 
00 80 3C 07 F9 03 
00 80 3D 07 FA 03 
00 80 3E 07 FB 03 
00 90 3F 07 FC 03 
00 80 40 07 FC 03 
00 90 41 07 FD 03 
00 90 42 07 FD 03 
00 90 43 07 FD 03 
00 80 44 07 FD 03 
00 80 45 07 FE 03 
00 80 46 07 FF 03 
00 80 47 07 00 04 
00 90 48 07 01 04 
00 90 49 07 01 04 
00 80 4A 07 01 04 
00 80 4B 07 02 04 
00 80 4C 07 03 04 
00 80 4D 07 04 04 
00 90 4E 07 05 04 
00 80 4F 07 05 04 
00 80 50 07 06 04 
00 80 51 07 07 04 
00 80 52 07 08 04 
00 80 53 07 09 04 
00 80 54 07 0A 04 
00 80 55 07 0B 04 
00 90 56 07 0C 04 
00 80 57 07 0C 04 
00 80 58 07 0D 04 
00 80 59 07 0E 04 
00 80 5A 07 0F 04 
00 80 5B 07 10 04 
00 80 5C 07 11 04 
00 80 5D 07 12 04 
00 80 5E 07 13 04 
00 80 5F 07 14 04 
00 80 60 07 15 04 
00 90 61 07 16 04 
00 90 62 07 16 04 
00 90 63 07 16 04 
00 90 64 07 16 04 
00 90 65 07 16 04 
00 90 66 07 16 04 
00 90 67 07 16 04 
00 80 68 07 16 04 
00 80 69 07 17 04 
00 80 6A 07 18 04 
00 80 6B 07 19 04 
00 90 6C 07 1A 04 
00 80 6D 07 1A 04 
00 80 6E 07 1B 04 
00 80 6F 07 1C 04 
00 80 70 07 1D 04 
00 90 71 07 1E 04 
00 80 72 07 1E 04 
00 80 73 07 1F 04 
00 80 74 07 20 04 
00 80 75 07 21 04 
00 90 76 07 22 04 
00 80 77 07 22 04 
00 80 78 07 23 04 
00 80 79 07 24 04 
00 80 7A 07 25 04 
00 90 7B 07 26 04 
00 80 7C 07 26 04 
00 80 7D 07 27 04 
00 80 7E 07 28 04 
00 80 7F 07 29 04 
00 90 80 07 2A 04 
00 80 81 07 2A 04 
00 80 82 07 2B 04 
00 80 83 07 2C 04 
00 80 84 07 2D 04 
00 90 85 07 2E 04 
00 00 00 00 00 00 
00 00 
00 80 86 07 2E 04 
00 80 87 07 2F 04 
00 80 88 07 30 04 
00 80 89 07 31 04 
00 90 8A 07 32 04 
00 80 8B 07 32 04 
00 80 8C 07 33 04 
00 80 8D 07 34 04 
00 80 8E 07 35 04 
00 90 8F 07 36 04 
00 80 90 07 36 04 
00 80 91 07 37 04 
00 80 92 07 38 04 
00 80 93 07 39 04 
00 90 94 07 3A 04 
00 80 95 07 3A 04 
00 80 96 07 3B 04 
00 80 97 07 3C 04 
00 80 98 07 3D 04 
00 90 99 07 3E 04 
00 80 9A 07 3E 04 
00 80 9B 07 3F 04 
00 80 9C 07 40 04 
00 80 9D 07 41 04 
00 90 9E 07 42 04 
00 80 9F 07 42 04 
00 90 A0 07 43 04 
00 90 A1 07 43 04 
00 90 A2 07 43 04 
00 90 A3 07 43 04 
00 90 A4 07 43 04 
00 90 A5 07 43 04 
00 80 A6 07 43 04 
00 80 A7 07 44 04 
00 80 A8 07 45 04 
00 90 A9 07 46 04 
00 90 AA 07 46 04 
00 80 AB 07 46 04 
00 80 AC 07 47 04 
00 80 AD 07 48 04 
00 90 AE 07 49 04 
00 90 AF 07 49 04 
00 80 B0 07 49 04 
00 80 B1 07 4A 04 
00 80 B2 07 4B 04 
00 90 B3 07 4C 04 
00 90 B4 07 4C 04 
00 80 B5 07 4C 04 
00 80 B6 07 4D 04 
00 80 B7 07 4E 04 
00 90 B8 07 4F 04 
00 80 B9 07 4F 04 
00 80 BA 07 50 04 
00 80 BB 07 51 04 
00 90 BC 07 52 04 
00 80 BD 07 52 04 
00 80 BE 07 53 04 
00 80 BF 07 54 04 
00 90 C0 07 55 04 
00 80 C1 07 55 04 
00 80 C2 07 56 04 
00 80 C3 07 57 04 
00 90 C4 07 58 04 
00 80 C5 07 58 04 
00 80 C6 07 59 04 
00 80 C7 07 5A 04 
00 90 C8 07 5B 04 
00 80 C9 07 5B 04 
00 80 CA 07 5C 04 
00 80 CB 07 5D 04 
00 90 CC 07 5E 04 
00 80 CD 07 5E 04 
00 80 CE 07 5F 04 
00 80 CF 07 60 04 
00 90 D0 07 61 04 
00 80 D1 07 61 04 
00 80 D2 07 62 04 
00 80 D3 07 63 04 
00 90 D4 07 64 04 
00 90 D5 07 64 04 
00 90 D6 07 64 04 
00 90 D7 07 64 04 
00 90 D8 07 64 04 
00 80 D9 07 64 04 
00 00 00 00 00 00 
00 00 
00 80 DA 07 65 04 
00 80 DB 07 66 04 
00 80 DC 07 67 04 
00 80 DD 07 68 04 
00 80 DE 07 69 04 
00 90 DF 07 6A 04 
00 90 E0 07 6A 04 
00 80 E1 07 6A 04 
00 80 E2 07 6B 04 
00 80 E3 07 6C 04 
00 80 E4 07 6D 04 
00 80 E5 07 6E 04 
00 80 E6 07 6F 04 
00 90 E7 07 70 04 
00 90 E8 07 70 04 
00 90 E9 07 70 04 
00 90 EA 07 70 04 
00 90 EB 07 70 04 
00 90 EC 07 70 04 
00 90 ED 07 70 04 
00 90 EE 07 70 04 
00 90 EF 07 70 04 
00 80 F0 07 70 04 
00 80 F1 07 71 04 
00 80 F2 07 72 04 
00 80 F3 07 73 04 
00 90 F4 07 74 04 
00 90 F5 07 74 04 
00 80 F6 07 74 04 
00 80 F7 07 75 04 
00 80 F8 07 76 04 
00 80 F9 07 77 04 
00 90 FA 07 78 04 
00 80 FB 07 78 04 
00 80 FC 07 79 04 
00 80 FD 07 7A 04 
00 80 FE 07 7B 04 
00 90 FF 07 7C 04 
00 80 00 08 7C 04 
00 80 01 08 7D 04 
00 80 02 08 7E 04 
00 80 03 08 7F 04 
00 90 04 08 80 04 
00 80 05 08 80 04 
00 90 06 08 81 04 
00 90 07 08 81 04 
00 90 08 08 81 04 
00 90 09 08 81 04 
00 80 0A 08 81 04 
00 80 0B 08 82 04 
00 90 0C 08 83 04 
00 80 0D 08 83 04 
00 90 0E 08 84 04 
00 80 0F 08 84 04 
00 90 10 08 85 04 
00 80 11 08 85 04 
00 80 12 08 86 04 
00 80 13 08 87 04 
00 80 14 08 88 04 
00 90 15 08 89 04 
00 80 16 08 89 04 
00 90 17 08 8A 04 
00 90 18 08 8A 04 
00 90 19 08 8A 04 
00 90 1A 08 8A 04 
00 80 1B 08 8A 04 
00 80 1C 08 8B 04 
00 80 1D 08 8C 04 
00 80 1E 08 8D 04 
00 90 1F 08 8E 04 
00 80 20 08 8E 04 
00 80 21 08 8F 04 
00 80 22 08 90 04 
00 90 23 08 91 04 
00 90 24 08 91 04 
00 80 25 08 91 04 
00 80 26 08 92 04 
00 80 27 08 93 04 
00 80 28 08 94 04 
00 80 29 08 95 04 
00 80 2A 08 96 04 
00 90 2B 08 97 04 
00 80 2C 08 97 04 
00 80 2D 08 98 04 
00 00 00 00 00 00 
00 00 
00 80 2E 08 99 04 
00 80 2F 08 9A 04 
00 80 30 08 9B 04 
00 80 31 08 9C 04 
00 90 32 08 9D 04 
00 80 33 08 9D 04 
00 80 34 08 9E 04 
00 80 35 08 9F 04 
00 80 36 08 A0 04 
00 90 37 08 A1 04 
00 80 38 08 A1 04 
00 80 39 08 A2 04 
00 80 3A 08 A3 04 
00 90 3B 08 A4 04 
00 90 3C 08 A4 04 
00 90 3D 08 A4 04 
00 80 3E 08 A4 04 
00 80 3F 08 A5 04 
00 80 40 08 A6 04 
00 80 41 08 A7 04 
00 90 42 08 A8 04 
00 80 43 08 A8 04 
00 80 44 08 A9 04 
00 80 45 08 AA 04 
00 80 46 08 AB 04 
00 90 47 08 AC 04 
00 80 48 08 AC 04 
00 80 49 08 AD 04 
00 80 4A 08 AE 04 
00 80 4B 08 AF 04 
00 80 4C 08 B0 04 
00 80 4D 08 B1 04 
00 80 4E 08 B2 04 
00 90 4F 08 B3 04 
00 80 50 08 B3 04 
00 80 51 08 B4 04 
00 80 52 08 B5 04 
00 80 53 08 B6 04 
00 80 54 08 B7 04 
00 80 55 08 B8 04 
00 80 56 08 B9 04 
00 80 57 08 BA 04 
00 80 58 08 BB 04 
00 90 59 08 BC 04 
00 90 5A 08 BC 04 
00 80 5B 08 BC 04 
00 80 5C 08 BD 04 
00 80 5D 08 BE 04 
00 80 5E 08 BF 04 
00 90 5F 08 C0 04 
00 80 60 08 C0 04 
00 80 61 08 C1 04 
00 80 62 08 C2 04 
00 80 63 08 C3 04 
00 90 64 08 C4 04 
00 80 65 08 C4 04 
00 80 66 08 C5 04 
00 80 67 08 C6 04 
00 80 68 08 C7 04 
00 80 69 08 C8 04 
00 80 6A 08 C9 04 
00 80 6B 08 CA 04 
00 90 6C 08 CB 04 
00 80 6D 08 CB 04 
00 80 6E 08 CC 04 
00 80 6F 08 CD 04 
00 80 70 08 CE 04 
00 80 71 08 CF 04 
00 80 72 08 D0 04 
00 80 73 08 D1 04 
00 80 74 08 D2 04 
00 80 75 08 D3 04 
00 90 76 08 D4 04 
00 90 77 08 D4 04 
00 80 78 08 D4 04 
00 80 79 08 D5 04 
00 80 7A 08 D6 04 
00 80 7B 08 D7 04 
00 90 7C 08 D8 04 
00 80 7D 08 D8 04 
00 80 7E 08 D9 04 
00 80 7F 08 DA 04 
00 80 80 08 DB 04 
00 80 81 08 DC 04 
00 00 00 00 00 00 
00 00 
00 80 82 08 DD 04 
00 80 83 08 DE 04 
00 80 84 08 DF 04 
00 90 85 08 E0 04 
00 80 86 08 E0 04 
00 80 87 08 E1 04 
00 80 88 08 E2 04 
00 90 89 08 E3 04 
00 80 8A 08 E3 04 
00 80 8B 08 E4 04 
00 80 8C 08 E5 04 
00 80 8D 08 E6 04 
00 80 8E 08 E7 04 
00 80 8F 08 E8 04 
00 90 90 08 E9 04 
00 80 91 08 E9 04 
00 80 92 08 EA 04 
00 80 93 08 EB 04 
00 90 94 08 EC 04 
00 90 95 08 EC 04 
00 80 96 08 EC 04 
00 80 97 08 ED 04 
00 80 98 08 EE 04 
00 80 99 08 EF 04 
00 90 9A 08 F0 04 
00 80 9B 08 F0 04 
00 80 9C 08 F1 04 
00 80 9D 08 F2 04 
00 80 9E 08 F3 04 
00 90 9F 08 F4 04 
00 80 A0 08 F4 04 
00 80 A1 08 F5 04 
00 80 A2 08 F6 04 
00 80 A3 08 F7 04 
00 80 A4 08 F8 04 
00 80 A5 08 F9 04 
00 80 A6 08 FA 04 
00 90 A7 08 FB 04 
00 80 A8 08 FB 04 
00 80 A9 08 FC 04 
00 80 AA 08 FD 04 
00 80 AB 08 FE 04 
00 80 AC 08 FF 04 
00 80 AD 08 00 05 
00 80 AE 08 01 05 
00 80 AF 08 02 05 
00 80 B0 08 03 05 
00 90 B1 08 04 05 
00 90 B2 08 04 05 
00 80 B3 08 04 05 
00 80 B4 08 05 05 
00 80 B5 08 06 05 
00 80 B6 08 07 05 
00 80 B7 08 08 05 
00 80 B8 08 09 05 
00 90 B9 08 0A 05 
00 90 BA 08 0A 05 
00 80 BB 08 0A 05 
00 80 BC 08 0B 05 
00 80 BD 08 0C 05 
00 90 BE 08 0D 05 
00 90 BF 08 0D 05 
00 80 C0 08 0D 05 
00 80 C1 08 0E 05 
00 80 C2 08 0F 05 
00 80 C3 08 10 05 
00 90 C4 08 11 05 
00 90 C5 08 11 05 
00 80 C6 08 11 05 
00 80 C7 08 12 05 
00 80 C8 08 13 05 
00 90 C9 08 14 05 
00 90 CA 08 14 05 
00 90 CB 08 14 05 
00 90 CC 08 14 05 
00 90 CD 08 14 05 
00 90 CE 08 14 05 
00 90 CF 08 14 05 
00 90 D0 08 14 05 
00 90 D1 08 14 05 
00 90 D2 08 14 05 
00 90 D3 08 14 05 
00 90 D4 08 14 05 
00 80 D5 08 14 05 
00 00 00 00 00 00 
00 00 
00 80 D6 08 15 05 
00 80 D7 08 16 05 
00 80 D8 08 17 05 
00 90 D9 08 18 05 
00 90 DA 08 18 05 
00 80 DB 08 18 05 
00 80 DC 08 19 05 
00 90 DD 08 1A 05 
00 90 DE 08 1A 05 
00 90 DF 08 1A 05 
00 80 E0 08 1A 05 
00 80 E1 08 1B 05 
00 90 E2 08 1C 05 
00 80 E3 08 1C 05 
00 80 E4 08 1D 05 
00 90 E5 08 1E 05 
00 90 E6 08 1E 05 
00 90 E7 08 1E 05 
00 90 E8 08 1E 05 
00 90 E9 08 1E 05 
00 80 EA 08 22 05 
00 90 EB 08 23 05 
00 90 EC 08 23 05 
00 90 ED 08 23 05 
00 80 EE 08 23 05 
00 80 EF 08 24 05 
00 80 F0 08 25 05 
00 80 F1 08 26 05 
00 80 F2 08 27 05 
00 90 F3 08 28 05 
00 80 F4 08 28 05 
00 80 F5 08 29 05 
00 80 F6 08 2A 05 
00 80 F7 08 2B 05 
00 80 F8 08 2C 05 
00 80 F9 08 2D 05 
00 80 FA 08 2E 05 
00 80 FB 08 2F 05 
00 80 FC 08 30 05 
00 80 FD 08 31 05 
00 80 FE 08 32 05 
00 90 FF 08 33 05 
00 80 00 09 33 05 
00 80 01 09 34 05 
00 80 02 09 35 05 
00 80 03 09 36 05 
00 80 04 09 37 05 
00 90 05 09 38 05 
00 90 06 09 38 05 
00 90 07 09 38 05 
00 90 08 09 38 05 
00 80 09 09 38 05 
00 80 0A 09 39 05 
00 80 0B 09 3A 05 
00 80 0C 09 3B 05 
00 80 0D 09 3C 05 
00 80 0E 09 3D 05 
00 80 0F 09 3E 05 
00 80 10 09 3F 05 
00 80 11 09 40 05 
00 80 12 09 41 05 
00 80 13 09 42 05 
00 80 14 09 43 05 
00 80 15 09 44 05 
00 90 16 09 45 05 
00 80 17 09 45 05 
00 80 18 09 46 05 
00 90 19 09 47 05 
00 80 1A 09 47 05 
00 80 1B 09 48 05 
00 90 1C 09 49 05 
00 80 1D 09 49 05 
00 80 1E 09 4A 05 
00 80 1F 09 4B 05 
00 80 20 09 4C 05 
00 90 21 09 4D 05 
00 80 22 09 4D 05 
00 80 23 09 4E 05 
00 90 24 09 4F 05 
00 80 25 09 4F 05 
00 90 26 09 50 05 
00 90 27 09 50 05 
00 90 28 09 50 05 
00 80 29 09 50 05 
00 00 00 00 00 00 
00 00 
00 80 2A 09 51 05 
00 90 2B 09 52 05 
00 80 2C 09 52 05 
00 80 2D 09 53 05 
00 80 2E 09 54 05 
00 80 2F 09 55 05 
00 90 30 09 56 05 
00 90 31 09 56 05 
00 90 32 09 56 05 
00 80 33 09 56 05 
00 90 34 09 57 05 
00 90 35 09 57 05 
00 90 36 09 57 05 
00 80 37 09 57 05 
00 80 38 09 58 05 
00 80 39 09 59 05 
00 80 3A 09 5A 05 
00 90 3B 09 5B 05 
00 90 3C 09 5B 05 
00 90 3D 09 5B 05 
00 80 3E 09 5B 05 
00 90 3F 09 5C 05 
00 90 40 09 5C 05 
00 90 41 09 5C 05 
00 90 42 09 5C 05 
00 90 43 09 5C 05 
00 80 44 09 5C 05 
00 80 45 09 5D 05 
00 80 46 09 5E 05 
00 80 47 09 5F 05 
00 80 48 09 60 05 
00 80 49 09 61 05 
00 80 4A 09 62 05 
00 80 4B 09 63 05 
00 90 4C 09 64 05 
00 80 4D 09 64 05 
00 80 4E 09 65 05 
00 90 4F 09 66 05 
00 90 50 09 66 05 
00 90 51 09 66 05 
00 90 52 09 66 05 
00 90 53 09 66 05 
00 80 54 09 66 05 
00 80 55 09 67 05 
00 80 56 09 68 05 
00 80 57 09 69 05 
00 80 58 09 6A 05 
00 80 59 09 6B 05 
00 80 5A 09 6C 05 
00 80 5B 09 6D 05 
00 80 5C 09 6E 05 
00 90 5D 09 6F 05 
00 90 5E 09 6F 05 
00 90 5F 09 6F 05 
00 90 60 09 6F 05 
00 90 61 09 6F 05 
00 80 62 09 6F 05 
00 80 63 09 70 05 
00 80 64 09 71 05 
00 90 65 09 72 05 
00 80 66 09 72 05 
00 80 67 09 73 05 
00 80 68 09 74 05 
00 80 69 09 75 05 
00 80 6A 09 76 05 
00 80 6B 09 77 05 
00 80 6C 09 78 05 
00 80 6D 09 79 05 
00 90 6E 09 7A 05 
00 80 6F 09 7A 05 
00 80 70 09 7B 05 
00 80 71 09 7C 05 
00 80 72 09 7D 05 
00 90 73 09 7E 05 
00 80 74 09 7E 05 
00 80 75 09 7F 05 
00 80 76 09 80 05 
00 80 77 09 81 05 
00 80 78 09 82 05 
00 90 79 09 83 05 
00 90 7A 09 83 05 
00 90 7B 09 83 05 
00 80 7C 09 83 05 
00 80 7D 09 84 05 
00 00 00 00 00 00 
00 00 
00 80 7E 09 85 05 
00 80 7F 09 86 05 
00 80 80 09 87 05 
00 80 81 09 88 05 
00 90 82 09 89 05 
00 80 83 09 89 05 
00 90 84 09 8A 05 
00 80 85 09 8A 05 
00 80 86 09 8B 05 
00 90 87 09 8C 05 
00 80 88 09 8C 05 
00 80 89 09 8D 05 
00 80 8A 09 8E 05 
00 90 8B 09 8F 05 
00 90 8C 09 8F 05 
00 90 8D 09 8F 05 
00 90 8E 09 8F 05 
00 90 8F 09 8F 05 
00 80 90 09 8F 05 
00 80 91 09 90 05 
00 80 92 09 91 05 
00 80 93 09 92 05 
00 80 94 09 93 05 
00 80 95 09 94 05 
00 90 96 09 95 05 
00 80 97 09 95 05 
00 80 98 09 96 05 
00 90 99 09 97 05 
00 80 9A 09 97 05 
00 80 9B 09 98 05 
00 90 9C 09 99 05 
00 90 9D 09 99 05 
00 90 9E 09 99 05 
00 80 9F 09 99 05 
00 90 A0 09 9A 05 
00 80 A1 09 9A 05 
00 90 A2 09 9B 05 
00 90 A3 09 9B 05 
00 90 A4 09 9B 05 
00 90 A5 09 9B 05 
00 80 A6 09 9B 05 
00 80 A7 09 9C 05 
00 90 A8 09 9D 05 
00 80 A9 09 9D 05 
00 80 AA 09 9E 05 
00 80 AB 09 9F 05 
00 80 AC 09 A0 05 
00 80 AD 09 A1 05 
00 80 AE 09 A2 05 
00 80 AF 09 A3 05 
00 90 B0 09 A4 05 
00 90 B1 09 A4 05 
00 90 B2 09 A4 05 
00 90 B3 09 A4 05 
00 90 B4 09 A4 05 
00 90 B5 09 A4 05 
00 90 B6 09 A4 05 
00 90 B7 09 A4 05 
00 90 B8 09 A4 05 
00 90 B9 09 A4 05 
00 90 BA 09 A4 05 
00 80 BB 09 A8 05 
00 80 BC 09 A9 05 
00 80 BD 09 AA 05 
00 80 BE 09 AB 05 
00 80 BF 09 AC 05 
00 80 C0 09 AD 05 
00 80 C1 09 AE 05 
00 80 C2 09 AF 05 
00 90 C3 09 B0 05 
00 80 C4 09 B0 05 
00 80 C5 09 B1 05 
00 80 C6 09 B2 05 
00 80 C7 09 B3 05 
00 80 C8 09 B4 05 
00 80 C9 09 B5 05 
00 90 CA 09 B6 05 
00 80 CB 09 B6 05 
00 80 CC 09 B7 05 
00 80 CD 09 B8 05 
00 80 CE 09 B9 05 
00 80 CF 09 BA 05 
00 80 D0 09 BB 05 
00 80 D1 09 BC 05 
00 00 00 00 00 00 
00 00 
00 80 D2 09 BD 05 
00 80 D3 09 BE 05 
00 80 D4 09 BF 05 
00 80 D5 09 C0 05 
00 80 D6 09 C1 05 
00 80 D7 09 C2 05 
00 80 D8 09 C3 05 
00 80 D9 09 C4 05 
00 80 DA 09 C5 05 
00 80 DB 09 C6 05 
00 80 DC 09 C7 05 
00 80 DD 09 C8 05 
00 80 DE 09 C9 05 
00 90 DF 09 CA 05 
00 80 E0 09 CA 05 
00 80 E1 09 CB 05 
00 80 E2 09 CC 05 
00 80 E3 09 CD 05 
00 80 E4 09 CE 05 
00 80 E5 09 CF 05 
00 80 E6 09 D0 05 
00 80 E7 09 D1 05 
00 80 E8 09 D2 05 
00 90 E9 09 D3 05 
00 90 EA 09 D3 05 
00 90 EB 09 D3 05 
00 90 EC 09 D3 05 
00 90 ED 09 D3 05 
00 90 EE 09 D3 05 
00 80 EF 09 DF 05 
00 80 F0 09 E0 05 
00 80 F1 09 E1 05 
00 80 F2 09 E2 05 
00 80 F3 09 E3 05 
00 90 F4 09 E4 05 
00 80 F5 09 E4 05 
00 80 F6 09 E5 05 
00 80 F7 09 E6 05 
00 80 F8 09 E7 05 
00 80 F9 09 E8 05 
00 80 FA 09 E9 05 
00 80 FB 09 EA 05 
00 90 FC 09 EB 05 
00 90 FD 09 EB 05 
00 90 FE 09 EB 05 
00 90 FF 09 EB 05 
00 90 00 0A EB 05 
00 90 01 0A EB 05 
00 90 02 0A EB 05 
00 90 03 0A EB 05 
00 80 04 0A F7 05 
00 80 05 0A F8 05 
00 80 06 0A F9 05 
00 80 07 0A FA 05 
00 80 08 0A FB 05 
00 80 09 0A FC 05 
00 80 0A 0A FD 05 
00 80 0B 0A FE 05 
00 80 0C 0A FF 05 
00 80 0D 0A 00 06 
00 80 0E 0A 01 06 
00 80 0F 0A 02 06 
00 80 10 0A 03 06 
00 80 11 0A 04 06 
00 80 12 0A 05 06 
00 80 13 0A 06 06 
00 80 14 0A 07 06 
00 80 15 0A 08 06 
00 80 16 0A 09 06 
00 80 17 0A 0A 06 
00 80 18 0A 0B 06 
00 80 19 0A 0C 06 
00 80 1A 0A 0D 06 
00 80 1B 0A 0E 06 
00 90 1C 0A 0F 06 
00 90 1D 0A 0F 06 
00 90 1E 0A 0F 06 
00 90 1F 0A 0F 06 
00 90 20 0A 0F 06 
00 90 21 0A 0F 06 
00 90 22 0A 0F 06 
00 90 23 0A 0F 06 
00 90 24 0A 0F 06 
00 90 25 0A 0F 06 
00 00 00 00 00 00 
00 00 
00 90 26 0A 0F 06 
00 80 27 0A 17 06 
00 80 28 0A 18 06 
00 90 29 0A 19 06 
00 90 2A 0A 19 06 
00 90 2B 0A 19 06 
00 90 2C 0A 19 06 
00 90 2D 0A 19 06 
00 80 2E 0A 1B 06 
00 80 2F 0A 1C 06 
00 80 30 0A 1D 06 
00 90 31 0A 1E 06 
00 80 32 0A 1E 06 
00 80 33 0A 1F 06 
00 80 34 0A 20 06 
00 90 35 0A 21 06 
00 90 36 0A 21 06 
00 90 37 0A 21 06 
00 90 38 0A 21 06 
00 90 39 0A 21 06 
00 90 3A 0A 21 06 
00 90 3B 0A 21 06 
00 80 3C 0A 25 06 
00 80 3D 0A 26 06 
00 80 3E 0A 27 06 
00 90 3F 0A 28 06 
00 90 40 0A 28 06 
00 80 41 0A 28 06 
00 80 42 0A 29 06 
00 80 43 0A 2A 06 
00 90 44 0A 2B 06 
00 80 45 0A 2B 06 
00 80 46 0A 2C 06 
00 90 47 0A 2D 06 
00 80 48 0A 2D 06 
00 80 49 0A 2E 06 
00 80 4A 0A 2F 06 
00 90 4B 0A 30 06 
00 80 4C 0A 30 06 
00 80 4D 0A 31 06 
00 90 4E 0A 32 06 
00 80 4F 0A 32 06 
00 80 50 0A 33 06 
00 80 51 0A 34 06 
00 90 52 0A 35 06 
00 90 53 0A 35 06 
00 90 54 0A 35 06 
00 90 55 0A 35 06 
00 90 56 0A 35 06 
00 90 57 0A 35 06 
00 90 58 0A 35 06 
00 90 59 0A 35 06 
00 80 5A 0A 39 06 
00 80 5B 0A 3A 06 
00 90 5C 0A 3B 06 
00 80 5D 0A 3B 06 
00 80 5E 0A 3C 06 
00 90 5F 0A 3D 06 
00 80 60 0A 3D 06 
00 80 61 0A 3E 06 
00 90 62 0A 3F 06 
00 80 63 0A 41 06 
00 90 64 0A 42 06 
00 80 65 0A 42 06 
00 80 66 0A 43 06 
00 90 67 0A 44 06 
00 90 68 0A 44 06 
00 90 69 0A 44 06 
00 80 6A 0A 44 06 
00 80 6B 0A 45 06 
00 80 6C 0A 46 06 
00 80 6D 0A 47 06 
00 80 6E 0A 48 06 
00 80 6F 0A 49 06 
00 90 70 0A 4A 06 
00 80 71 0A 4A 06 
00 80 72 0A 4B 06 
00 90 73 0A 4C 06 
00 80 74 0A 4C 06 
00 80 75 0A 4D 06 
00 80 76 0A 4E 06 
00 80 77 0A 4F 06 
00 80 78 0A 50 06 
00 80 79 0A 51 06 
00 00 00 00 00 00 
00 00 
00 80 7A 0A 52 06 
00 80 7B 0A 53 06 
00 80 7C 0A 54 06 
00 80 7D 0A 55 06 
00 80 7E 0A 56 06 
00 80 7F 0A 57 06 
00 80 80 0A 58 06 
00 80 81 0A 59 06 
00 80 82 0A 5A 06 
00 80 83 0A 5B 06 
00 80 84 0A 5C 06 
00 80 85 0A 5D 06 
00 80 86 0A 5E 06 
00 80 87 0A 5F 06 
00 80 88 0A 60 06 
00 80 89 0A 61 06 
00 80 8A 0A 62 06 
00 80 8B 0A 63 06 
00 80 8C 0A 64 06 
00 80 8D 0A 65 06 
00 80 8E 0A 66 06 
00 80 8F 0A 67 06 
00 90 90 0A 68 06 
00 90 91 0A 68 06 
00 90 92 0A 68 06 
00 80 93 0A 68 06 
00 80 94 0A 69 06 
00 80 95 0A 6A 06 
00 80 96 0A 6B 06 
00 80 97 0A 6C 06 
00 90 98 0A 6D 06 
00 90 99 0A 6D 06 
00 80 9A 0A 6D 06 
00 80 9B 0A 6E 06 
00 80 9C 0A 6F 06 
00 90 9D 0A 70 06 
00 80 9E 0A 70 06 
00 80 9F 0A 71 06 
00 80 A0 0A 72 06 
00 90 A1 0A 73 06 
00 90 A2 0A 73 06 
00 90 A3 0A 73 06 
00 90 A4 0A 73 06 
00 90 A5 0A 73 06 
00 90 A6 0A 73 06 
00 90 A7 0A 73 06 
00 90 A8 0A 73 06 
00 90 A9 0A 73 06 
00 80 AA 0A 73 06 
00 80 AB 0A 74 06 
00 90 AC 0A 75 06 
00 90 AD 0A 75 06 
00 80 AE 0A 75 06 
00 80 AF 0A 76 06 
00 80 B0 0A 77 06 
00 90 B1 0A 78 06 
00 80 B2 0A 78 06 
00 90 B3 0A 79 06 
00 80 B4 0A 7B 06 
00 80 B5 0A 7C 06 
00 80 B6 0A 7D 06 
00 80 B7 0A 7E 06 
00 80 B8 0A 7F 06 
00 80 B9 0A 80 06 
00 80 BA 0A 81 06 
00 90 BB 0A 82 06 
00 90 BC 0A 82 06 
00 90 BD 0A 82 06 
00 80 BE 0A 82 06 
00 80 BF 0A 83 06 
00 80 C0 0A 84 06 
00 80 C1 0A 85 06 
00 90 C2 0A 86 06 
00 90 C3 0A 86 06 
00 80 C4 0A 86 06 
00 80 C5 0A 87 06 
00 90 C6 0A 88 06 
00 80 C7 0A 88 06 
00 90 C8 0A 89 06 
00 80 C9 0A 89 06 
00 80 CA 0A 8A 06 
00 90 CB 0A 8B 06 
00 90 CC 0A 8B 06 
00 90 CD 0A 8B 06 
00 00 00 00 00 00 
00 00 
00 90 CE 0A 8B 06 
00 90 CF 0A 8B 06 
00 90 D0 0A 8B 06 
00 90 D1 0A 8B 06 
00 90 D2 0A 8B 06 
00 80 D3 0A 8B 06 
00 80 D4 0A 8C 06 
00 80 D5 0A 8D 06 
00 90 D6 0A 8E 06 
00 90 D7 0A 8E 06 
00 90 D8 0A 8E 06 
00 90 D9 0A 8E 06 
00 90 DA 0A 8E 06 
00 90 DB 0A 8E 06 
00 90 DC 0A 8E 06 
00 80 DD 0A 9A 06 
00 90 DE 0A 9B 06 
00 80 DF 0A 9B 06 
00 80 E0 0A 9C 06 
00 90 E1 0A 9D 06 
00 80 E2 0A 9F 06 
00 80 E3 0A A0 06 
00 80 E4 0A A1 06 
00 90 E5 0A A2 06 
00 90 E6 0A A2 06 
00 90 E7 0A A2 06 
00 90 E8 0A A2 06 
00 90 E9 0A A2 06 
00 80 EA 0A A8 06 
00 80 EB 0A A9 06 
00 80 EC 0A AA 06 
00 80 ED 0A AB 06 
00 80 EE 0A AC 06 
00 80 EF 0A AD 06 
00 80 F0 0A AE 06 
00 80 F1 0A AF 06 
00 80 F2 0A B0 06 
00 90 F3 0A B1 06 
00 80 F4 0A B1 06 
00 80 F5 0A B2 06 
00 80 F6 0A B3 06 
00 80 F7 0A B4 06 
00 80 F8 0A B5 06 
00 80 F9 0A B6 06 
00 80 FA 0A B7 06 
00 80 FB 0A B8 06 
00 80 FC 0A B9 06 
00 90 FD 0A BA 06 
00 80 FE 0A BA 06 
00 80 FF 0A BB 06 
00 80 00 0B BC 06 
00 80 01 0B BD 06 
00 80 02 0B BE 06 
00 80 03 0B BF 06 
00 80 04 0B C0 06 
00 80 05 0B C1 06 
00 80 06 0B C2 06 
00 90 07 0B C3 06 
00 80 08 0B C3 06 
00 80 09 0B C4 06 
00 80 0A 0B C5 06 
00 80 0B 0B C6 06 
00 90 0C 0B C7 06 
00 80 0D 0B C7 06 
00 80 0E 0B C8 06 
00 80 0F 0B C9 06 
00 80 10 0B CA 06 
00 90 11 0B CB 06 
00 90 12 0B CB 06 
00 90 13 0B CB 06 
00 90 14 0B CB 06 
00 80 15 0B D1 06 
00 90 16 0B D2 06 
00 90 17 0B D2 06 
00 80 18 0B D2 06 
00 80 19 0B D3 06 
00 80 1A 0B D4 06 
00 80 1B 0B D5 06 
00 80 1C 0B D6 06 
00 90 1D 0B D7 06 
00 80 1E 0B D7 06 
00 80 1F 0B D8 06 
00 80 20 0B D9 06 
00 80 21 0B DA 06 
00 00 00 00 00 00 
00 00 
00 80 22 0B DB 06 
00 90 23 0B DC 06 
00 80 24 0B DC 06 
00 80 25 0B DD 06 
00 80 26 0B DE 06 
00 80 27 0B DF 06 
00 80 28 0B E0 06 
00 90 29 0B E1 06 
00 90 2A 0B E1 06 
00 90 2B 0B E1 06 
00 90 2C 0B E1 06 
00 90 2D 0B E1 06 
00 90 2E 0B E1 06 
00 80 2F 0B E7 06 
00 80 30 0B E8 06 
00 80 31 0B E9 06 
00 90 32 0B EA 06 
00 80 33 0B EA 06 
00 80 34 0B EB 06 
00 80 35 0B EC 06 
00 90 36 0B ED 06 
00 80 37 0B ED 06 
00 80 38 0B EE 06 
00 80 39 0B EF 06 
00 90 3A 0B F0 06 
00 80 3B 0B F0 06 
00 90 3C 0B F1 06 
00 80 3D 0B F1 06 
00 80 3E 0B F2 06 
00 90 3F 0B F3 06 
00 90 40 0B F3 06 
00 80 41 0B F5 06 
00 80 42 0B F6 06 
00 80 43 0B F7 06 
00 80 44 0B F8 06 
00 90 45 0B F9 06 
00 80 46 0B F9 06 
00 80 47 0B FA 06 
00 80 48 0B FB 06 
00 80 49 0B FC 06 
00 80 4A 0B FD 06 
00 80 4B 0B FE 06 
00 80 4C 0B FF 06 
00 90 4D 0B 00 07 
00 90 4E 0B 00 07 
00 80 4F 0B 00 07 
00 80 50 0B 01 07 
00 90 51 0B 02 07 
00 80 52 0B 02 07 
00 80 53 0B 03 07 
00 80 54 0B 04 07 
00 90 55 0B 05 07 
00 90 56 0B 05 07 
00 90 57 0B 05 07 
00 80 58 0B 05 07 
00 80 59 0B 06 07 
00 80 5A 0B 07 07 
00 80 5B 0B 08 07 
00 90 5C 0B 09 07 
00 90 5D 0B 09 07 
00 80 5E 0B 09 07 
00 80 5F 0B 0A 07 
00 80 60 0B 0B 07 
00 80 61 0B 0C 07 
00 90 62 0B 0D 07 
00 80 63 0B 0D 07 
00 80 64 0B 0E 07 
00 80 65 0B 0F 07 
00 80 66 0B 10 07 
00 90 67 0B 11 07 
00 90 68 0B 11 07 
00 80 69 0B 11 07 
00 80 6A 0B 12 07 
00 90 6B 0B 13 07 
00 80 6C 0B 13 07 
00 80 6D 0B 14 07 
00 80 6E 0B 15 07 
00 80 6F 0B 16 07 
00 80 70 0B 17 07 
00 90 71 0B 18 07 
00 90 72 0B 18 07 
00 90 73 0B 18 07 
00 90 74 0B 18 07 
00 90 75 0B 18 07 
00 00 00 00 00 00 
00 00 
00 90 76 0B 18 07 
00 80 77 0B 1E 07 
00 80 78 0B 1F 07 
00 80 79 0B 20 07 
00 90 7A 0B 21 07 
00 90 7B 0B 21 07 
00 90 7C 0B 21 07 
00 90 7D 0B 21 07 
00 90 7E 0B 21 07 
00 90 7F 0B 21 07 
00 80 80 0B 27 07 
00 90 81 0B 28 07 
00 90 82 0B 28 07 
00 90 83 0B 28 07 
00 90 84 0B 28 07 
00 80 85 0B 28 07 
00 80 86 0B 29 07 
00 90 87 0B 2A 07 
00 80 88 0B 2A 07 
00 80 89 0B 2B 07 
00 90 8A 0B 2C 07 
00 90 8B 0B 2C 07 
00 90 8C 0B 2C 07 
00 90 8D 0B 2C 07 
00 90 8E 0B 2C 07 
00 90 8F 0B 2C 07 
00 90 90 0B 2C 07 
00 80 91 0B 2C 07 
00 80 92 0B 2D 07 
00 80 93 0B 2E 07 
00 80 94 0B 2F 07 
00 80 95 0B 30 07 
00 80 96 0B 31 07 
00 80 97 0B 32 07 
00 80 98 0B 33 07 
00 80 99 0B 34 07 
00 80 9A 0B 35 07 
00 80 9B 0B 36 07 
00 80 9C 0B 37 07 
00 80 9D 0B 38 07 
00 80 9E 0B 39 07 
00 80 9F 0B 3A 07 
00 80 A0 0B 3B 07 
00 80 A1 0B 3C 07 
00 80 A2 0B 3D 07 
00 80 A3 0B 3E 07 
00 80 A4 0B 3F 07 
00 80 A5 0B 40 07 
00 80 A6 0B 41 07 
00 80 A7 0B 42 07 
00 80 A8 0B 43 07 
00 80 A9 0B 44 07 
00 80 AA 0B 45 07 
00 80 AB 0B 46 07 
00 80 AC 0B 47 07 
00 80 AD 0B 48 07 
00 80 AE 0B 49 07 
00 80 AF 0B 4A 07 
00 90 B0 0B 4B 07 
00 90 B1 0B 4B 07 
00 80 B2 0B 4B 07 
00 80 B3 0B 4C 07 
00 90 B4 0B 4D 07 
00 90 B5 0B 4D 07 
00 90 B6 0B 4D 07 
00 90 B7 0B 4D 07 
00 80 B8 0B 4D 07 
00 80 B9 0B 4E 07 
00 90 BA 0B 4F 07 
00 80 BB 0B 4F 07 
00 80 BC 0B 50 07 
00 90 BD 0B 51 07 
00 80 BE 0B 51 07 
00 80 BF 0B 52 07 
00 80 C0 0B 53 07 
00 80 C1 0B 54 07 
00 80 C2 0B 55 07 
00 80 C3 0B 56 07 
00 90 C4 0B 57 07 
00 90 C5 0B 57 07 
00 90 C6 0B 57 07 
00 80 C7 0B 57 07 
00 90 C8 0B 58 07 
00 90 C9 0B 58 07 
00 00 00 00 00 00 
00 00 
00 90 CA 0B 58 07 
00 80 CB 0B 5E 07 
00 80 CC 0B 5F 07 
00 90 CD 0B 60 07 
00 80 CE 0B 60 07 
00 80 CF 0B 61 07 
00 90 D0 0B 62 07 
00 80 D1 0B 62 07 
00 90 D2 0B 63 07 
00 90 D3 0B 63 07 
00 90 D4 0B 63 07 
00 90 D5 0B 63 07 
00 90 D6 0B 63 07 
00 90 D7 0B 63 07 
00 90 D8 0B 63 07 
00 90 D9 0B 63 07 
00 90 DA 0B 63 07 
00 80 DB 0B 6D 07 
00 90 DC 0B 6E 07 
00 90 DD 0B 6E 07 
00 80 DE 0B 72 07 
00 80 DF 0B 73 07 
00 80 E0 0B 74 07 
00 90 E1 0B 75 07 
00 90 E2 0B 75 07 
00 80 E3 0B 75 07 
00 80 E4 0B 76 07 
00 90 E5 0B 77 07 
00 90 E6 0B 77 07 
00 80 E7 0B 7B 07 
00 90 E8 0B 7C 07 
00 80 E9 0B 7C 07 
00 80 EA 0B 7D 07 
00 80 EB 0B 7E 07 
00 90 EC 0B 7F 07 
00 90 ED 0B 7F 07 
00 90 EE 0B 7F 07 
00 90 EF 0B 7F 07 
00 90 F0 0B 7F 07 
00 90 F1 0B 7F 07 
00 80 F2 0B 89 07 
00 90 F3 0B 8A 07 
00 90 F4 0B 8A 07 
00 80 F5 0B 8E 07 
00 80 F6 0B 8F 07 
00 80 F7 0B 90 07 
00 90 F8 0B 91 07 
00 90 F9 0B 91 07 
00 90 FA 0B 91 07 
00 90 FB 0B 91 07 
00 90 FC 0B 91 07 
00 90 FD 0B 91 07 
00 90 FE 0B 91 07 
00 90 FF 0B 91 07 
00 80 00 0C 9D 07 
00 80 01 0C 9E 07 
00 80 02 0C 9F 07 
00 90 03 0C A0 07 
00 90 04 0C A0 07 
00 80 05 0C A2 07 
00 80 06 0C A3 07 
00 80 07 0C A4 07 
00 80 08 0C A5 07 
00 80 09 0C A6 07 
00 90 0A 0C A7 07 
00 80 0B 0C A7 07 
00 90 0C 0C A8 07 
00 90 0D 0C A8 07 
00 90 0E 0C A8 07 
00 90 0F 0C A8 07 
00 90 10 0C A8 07 
00 90 11 0C A8 07 
00 80 12 0C B2 07 
00 90 13 0C B3 07 
00 90 14 0C B3 07 
00 80 15 0C B7 07 
00 80 16 0C B8 07 
00 80 17 0C B9 07 
00 90 18 0C BA 07 
00 90 19 0C BA 07 
00 90 1A 0C BA 07 
00 90 1B 0C BA 07 
00 90 1C 0C BA 07 
00 90 1D 0C BA 07 
00 00 00 00 00 00 
00 00 
00 80 1E 0C C2 07 
00 80 1F 0C C3 07 
00 80 20 0C C4 07 
00 90 21 0C C5 07 
00 90 22 0C C5 07 
00 80 23 0C C7 07 
00 80 24 0C C8 07 
00 80 25 0C C9 07 
00 80 26 0C CA 07 
00 80 27 0C CB 07 
00 90 28 0C CC 07 
00 80 29 0C CC 07 
00 80 2A 0C CD 07 
00 80 2B 0C CE 07 
00 80 2C 0C CF 07 
00 80 2D 0C D0 07 
00 90 2E 0C D1 07 
00 90 2F 0C D1 07 
00 90 30 0C D1 07 
00 90 31 0C D1 07 
00 90 32 0C D1 07 
00 90 33 0C D1 07 
00 90 34 0C D1 07 
00 90 35 0C D1 07 
00 90 36 0C D1 07 
00 90 37 0C D1 07 
00 80 38 0C D9 07 
00 80 39 0C DA 07 
00 80 3A 0C DB 07 
00 80 3B 0C DC 07 
00 80 3C 0C DD 07 
00 80 3D 0C DE 07 
00 80 3E 0C DF 07 
00 80 3F 0C E0 07 
00 80 40 0C E1 07 
00 80 41 0C E2 07 
00 80 42 0C E3 07 
00 80 43 0C E4 07 
00 80 44 0C E5 07 
00 80 45 0C E6 07 
00 80 46 0C E7 07 
00 80 47 0C E8 07 
00 80 48 0C E9 07 
00 80 49 0C EA 07 
00 80 4A 0C EB 07 
00 80 4B 0C EC 07 
00 80 4C 0C ED 07 
00 80 4D 0C EE 07 
00 80 4E 0C EF 07 
00 80 4F 0C F0 07 
00 80 50 0C F1 07 
00 80 51 0C F2 07 
00 80 52 0C F3 07 
00 80 53 0C F4 07 
00 80 54 0C F5 07 
00 90 55 0C F6 07 
00 90 56 0C F6 07 
00 90 57 0C F6 07 
00 90 58 0C F6 07 
00 90 59 0C F6 07 
00 80 5A 0C FA 07 
00 80 5B 0C FB 07 
00 80 5C 0C FC 07 
00 80 5D 0C FD 07 
00 80 5E 0C FE 07 
00 80 5F 0C FF 07 
00 80 60 0C 00 08 
00 80 61 0C 01 08 
00 80 62 0C 02 08 
00 80 63 0C 03 08 
00 80 64 0C 04 08 
00 80 65 0C 05 08 
00 80 66 0C 06 08 
00 80 67 0C 07 08 
00 80 68 0C 08 08 
00 80 69 0C 09 08 
00 80 6A 0C 0A 08 
00 80 6B 0C 0B 08 
00 80 6C 0C 0C 08 
00 80 6D 0C 0D 08 
00 80 6E 0C 0E 08 
00 80 6F 0C 0F 08 
00 80 70 0C 10 08 
00 80 71 0C 11 08 
00 00 00 00 00 00 
00 00 
00 80 72 0C 12 08 
00 80 73 0C 13 08 
00 90 74 0C 14 08 
00 80 75 0C 14 08 
00 80 76 0C 15 08 
00 80 77 0C 16 08 
00 80 78 0C 17 08 
00 90 79 0C 18 08 
00 90 7A 0C 18 08 
00 90 7B 0C 18 08 
00 80 7C 0C 18 08 
00 80 7D 0C 19 08 
00 80 7E 0C 1A 08 
00 80 7F 0C 1B 08 
00 90 80 0C 1C 08 
00 90 81 0C 1C 08 
00 90 82 0C 1C 08 
00 80 83 0C 1C 08 
00 80 84 0C 1D 08 
00 80 85 0C 1E 08 
00 80 86 0C 1F 08 
00 80 87 0C 20 08 
00 80 88 0C 21 08 
00 80 89 0C 22 08 
00 80 8A 0C 23 08 
00 80 8B 0C 24 08 
00 90 8C 0C 25 08 
00 90 8D 0C 25 08 
00 80 8E 0C 25 08 
00 80 8F 0C 26 08 
00 80 90 0C 27 08 
00 80 91 0C 28 08 
00 80 92 0C 29 08 
00 80 93 0C 2A 08 
00 90 94 0C 2B 08 
00 80 95 0C 2B 08 
00 80 96 0C 2C 08 
00 80 97 0C 2D 08 
00 80 98 0C 2E 08 
00 90 99 0C 2F 08 
00 80 9A 0C 2F 08 
00 80 9B 0C 30 08 
00 80 9C 0C 31 08 
00 80 9D 0C 32 08 
00 90 9E 0C 33 08 
00 90 9F 0C 33 08 
00 80 A0 0C 33 08 
00 80 A1 0C 34 08 
00 80 A2 0C 35 08 
00 80 A3 0C 36 08 
00 90 A4 0C 37 08 
00 90 A5 0C 37 08 
00 80 A6 0C 37 08 
00 90 A7 0C 38 08 
00 80 A8 0C 38 08 
00 80 A9 0C 39 08 
00 80 AA 0C 3A 08 
00 80 AB 0C 3B 08 
00 80 AC 0C 3C 08 
00 80 AD 0C 3D 08 
00 80 AE 0C 3E 08 
00 80 AF 0C 3F 08 
00 80 B0 0C 40 08 
00 80 B1 0C 41 08 
00 80 B2 0C 42 08 
00 80 B3 0C 43 08 
00 90 B4 0C 44 08 
00 80 B5 0C 44 08 
00 80 B6 0C 45 08 
00 80 B7 0C 46 08 
00 80 B8 0C 47 08 
00 80 B9 0C 48 08 
00 80 BA 0C 49 08 
00 80 BB 0C 4A 08 
00 80 BC 0C 4B 08 
00 80 BD 0C 4C 08 
00 80 BE 0C 4D 08 
00 90 BF 0C 4E 08 
00 80 C0 0C 4E 08 
00 80 C1 0C 4F 08 
00 90 C2 0C 50 08 
00 90 C3 0C 50 08 
00 90 C4 0C 50 08 
00 90 C5 0C 50 08 
00 00 00 00 00 00 
00 00 
00 80 C6 0C 53 08 
00 80 C7 0C 54 08 
00 80 C8 0C 55 08 
00 80 C9 0C 56 08 
00 90 CA 0C 57 08 
00 90 CB 0C 57 08 
00 80 CC 0C 5B 08 
00 90 CD 0C 5C 08 
00 80 CE 0C 5E 08 
00 80 CF 0C 5F 08 
00 90 D0 0C 60 08 
00 90 D1 0C 60 08 
00 90 D2 0C 60 08 
00 90 D3 0C 60 08 
00 90 D4 0C 60 08 
00 90 D5 0C 60 08 
00 90 D6 0C 60 08 
00 80 D7 0C 60 08 
00 80 D8 0C 61 08 
00 80 D9 0C 62 08 
00 80 DA 0C 63 08 
00 80 DB 0C 64 08 
00 80 DC 0C 65 08 
00 80 DD 0C 66 08 
00 90 DE 0C 67 08 
00 80 DF 0C 67 08 
00 80 E0 0C 68 08 
00 80 E1 0C 69 08 
00 80 E2 0C 6A 08 
00 80 E3 0C 6B 08 
00 80 E4 0C 6C 08 
00 80 E5 0C 6D 08 
00 90 E6 0C 6E 08 
00 90 E7 0C 6E 08 
00 80 E8 0C 6E 08 
00 80 E9 0C 6F 08 
00 80 EA 0C 70 08 
00 80 EB 0C 71 08 
00 80 EC 0C 72 08 
00 80 ED 0C 73 08 
00 80 EE 0C 74 08 
00 90 EF 0C 75 08 
00 90 F0 0C 75 08 
00 80 F1 0C 75 08 
00 80 F2 0C 76 08 
00 80 F3 0C 77 08 
00 80 F4 0C 78 08 
00 90 F5 0C 79 08 
00 80 F6 0C 79 08 
00 80 F7 0C 7A 08 
00 80 F8 0C 7B 08 
00 80 F9 0C 7C 08 
00 90 FA 0C 7D 08 
00 80 FB 0C 7D 08 
00 80 FC 0C 7E 08 
00 80 FD 0C 7F 08 
00 80 FE 0C 80 08 
00 90 FF 0C 81 08 
00 80 00 0D 81 08 
00 80 01 0D 82 08 
00 80 02 0D 83 08 
00 80 03 0D 84 08 
00 90 04 0D 85 08 
00 80 05 0D 85 08 
00 80 06 0D 86 08 
00 80 07 0D 87 08 
00 80 08 0D 88 08 
00 90 09 0D 89 08 
00 80 0A 0D 89 08 
00 80 0B 0D 8A 08 
00 80 0C 0D 8B 08 
00 80 0D 0D 8C 08 
00 80 0E 0D 8D 08 
00 90 0F 0D 8E 08 
00 90 10 0D 8E 08 
00 90 11 0D 8E 08 
00 80 12 0D 8E 08 
00 80 13 0D 8F 08 
00 80 14 0D 90 08 
00 80 15 0D 91 08 
00 80 16 0D 92 08 
00 80 17 0D 93 08 
00 80 18 0D 94 08 
00 80 19 0D 95 08 
00 00 00 00 00 00 
00 00 
00 80 1A 0D 96 08 
00 80 1B 0D 97 08 
00 80 1C 0D 98 08 
00 90 1D 0D 99 08 
00 90 1E 0D 99 08 
00 80 1F 0D 99 08 
00 80 20 0D 9A 08 
00 80 21 0D 9B 08 
00 80 22 0D 9C 08 
00 80 23 0D 9D 08 
00 80 24 0D 9E 08 
00 80 25 0D 9F 08 
00 80 26 0D A0 08 
00 80 27 0D A1 08 
00 80 28 0D A2 08 
00 80 29 0D A3 08 
00 90 2A 0D A4 08 
00 90 2B 0D A4 08 
00 80 2C 0D A4 08 
00 80 2D 0D A5 08 
00 80 2E 0D A6 08 
00 80 2F 0D A7 08 
00 80 30 0D A8 08 
00 80 31 0D A9 08 
00 80 32 0D AA 08 
00 80 33 0D AB 08 
00 80 34 0D AC 08 
00 80 35 0D AD 08 
00 80 36 0D AE 08 
00 90 37 0D AF 08 
00 80 38 0D AF 08 
00 90 39 0D B0 08 
00 90 3A 0D B0 08 
00 90 3B 0D B0 08 
00 80 3C 0D B0 08 
00 80 3D 0D B1 08 
00 90 3E 0D B2 08 
00 80 3F 0D B2 08 
00 90 40 0D B3 08 
00 80 41 0D B3 08 
00 80 42 0D B4 08 
00 90 43 0D B5 08 
00 90 44 0D B5 08 
00 90 45 0D B5 08 
00 90 46 0D B5 08 
00 80 47 0D B5 08 
00 80 48 0D B6 08 
00 80 49 0D B7 08 
00 90 4A 0D B8 08 
00 90 4B 0D B8 08 
00 80 4C 0D BA 08 
00 90 4D 0D BB 08 
00 80 4E 0D BB 08 
00 80 4F 0D BC 08 
00 90 50 0D BD 08 
00 80 51 0D BD 08 
00 80 52 0D BE 08 
00 80 53 0D BF 08 
00 80 54 0D C0 08 
00 80 55 0D C1 08 
00 80 56 0D C2 08 
00 80 57 0D C3 08 
00 90 58 0D C4 08 
00 80 59 0D C4 08 
00 80 5A 0D C5 08 
00 80 5B 0D C6 08 
00 80 5C 0D C7 08 
00 90 5D 0D C8 08 
00 80 5E 0D C8 08 
00 80 5F 0D C9 08 
00 90 60 0D CA 08 
00 80 61 0D CA 08 
00 80 62 0D CB 08 
00 80 63 0D CC 08 
00 90 64 0D CD 08 
00 80 65 0D CD 08 
00 90 66 0D CE 08 
00 80 67 0D CE 08 
00 90 68 0D CF 08 
00 80 69 0D CF 08 
00 90 6A 0D D0 08 
00 90 6B 0D D0 08 
00 80 6C 0D D0 08 
00 80 6D 0D D1 08 
00 00 00 00 00 00 
00 00 
00 90 6E 0D D2 08 
00 90 6F 0D D2 08 
00 90 70 0D D2 08 
00 80 71 0D D2 08 
00 80 72 0D D3 08 
00 80 73 0D D4 08 
00 80 74 0D D5 08 
00 80 75 0D D6 08 
00 80 76 0D D7 08 
00 90 77 0D D8 08 
00 80 78 0D D8 08 
00 80 79 0D D9 08 
00 90 7A 0D DA 08 
00 90 7B 0D DA 08 
00 90 7C 0D DA 08 
00 80 7D 0D DE 08 
00 90 7E 0D DF 08 
00 90 7F 0D DF 08 
00 80 80 0D E1 08 
00 80 81 0D E2 08 
00 80 82 0D E3 08 
00 90 83 0D E4 08 
00 80 84 0D E4 08 
00 80 85 0D E5 08 
00 90 86 0D E6 08 
00 90 87 0D E6 08 
00 80 88 0D E6 08 
00 80 89 0D E7 08 
00 80 8A 0D E8 08 
00 90 8B 0D E9 08 
00 90 8C 0D E9 08 
00 80 8D 0D E9 08 
00 80 8E 0D EA 08 
00 90 8F 0D EB 08 
00 90 90 0D EB 08 
00 90 91 0D EB 08 
00 80 92 0D EB 08 
00 90 93 0D EC 08 
00 80 94 0D EC 08 
00 80 95 0D ED 08 
00 90 96 0D EE 08 
00 90 97 0D EE 08 
00 90 98 0D EE 08 
00 90 99 0D EE 08 
00 90 9A 0D EE 08 
00 90 9B 0D EE 08 
00 80 9C 0D EE 08 
00 80 9D 0D EF 08 
00 90 9E 0D F0 08 
00 90 9F 0D F0 08 
00 80 A0 0D F2 08 
00 80 A1 0D F3 08 
00 80 A2 0D F4 08 
00 90 A3 0D F5 08 
00 90 A4 0D F5 08 
00 90 A5 0D F5 08 
00 90 A6 0D F5 08 
00 90 A7 0D F5 08 
00 80 A8 0D F9 08 
00 90 A9 0D FA 08 
00 90 AA 0D FA 08 
00 90 AB 0D FA 08 
00 90 AC 0D FA 08 
00 90 AD 0D FA 08 
00 90 AE 0D FA 08 
00 90 AF 0D FA 08 
00 90 B0 0D FA 08 
00 90 B1 0D FA 08 
00 80 B2 0D 02 09 
00 80 B3 0D 03 09 
00 80 B4 0D 04 09 
00 80 B5 0D 05 09 
00 80 B6 0D 06 09 
00 80 B7 0D 07 09 
00 80 B8 0D 08 09 
00 80 B9 0D 09 09 
00 80 BA 0D 0A 09 
00 80 BB 0D 0B 09 
00 80 BC 0D 0C 09 
00 80 BD 0D 0D 09 
00 80 BE 0D 0E 09 
00 90 BF 0D 0F 09 
00 90 C0 0D 0F 09 
00 90 C1 0D 0F 09 
00 00 00 00 00 00 
00 00 
00 90 C2 0D 0F 09 
00 80 C3 0D 0F 09 
00 80 C4 0D 10 09 
00 90 C5 0D 11 09 
00 80 C6 0D 11 09 
00 80 C7 0D 12 09 
00 90 C8 0D 13 09 
00 80 C9 0D 13 09 
00 80 CA 0D 14 09 
00 90 CB 0D 15 09 
00 80 CC 0D 15 09 
00 80 CD 0D 16 09 
00 90 CE 0D 17 09 
00 80 CF 0D 17 09 
00 80 D0 0D 18 09 
00 80 D1 0D 19 09 
00 90 D2 0D 1A 09 
00 90 D3 0D 1A 09 
00 90 D4 0D 1A 09 
00 80 D5 0D 1E 09 
00 90 D6 0D 1F 09 
00 80 D7 0D 1F 09 
00 80 D8 0D 20 09 
00 80 D9 0D 21 09 
00 90 DA 0D 22 09 
00 80 DB 0D 22 09 
00 80 DC 0D 23 09 
00 90 DD 0D 24 09 
00 80 DE 0D 24 09 
00 90 DF 0D 25 09 
00 90 E0 0D 25 09 
00 90 E1 0D 25 09 
00 90 E2 0D 25 09 
00 90 E3 0D 25 09 
00 80 E4 0D 29 09 
00 80 E5 0D 2A 09 
00 80 E6 0D 2B 09 
00 90 E7 0D 2C 09 
00 90 E8 0D 2C 09 
00 90 E9 0D 2C 09 
00 90 EA 0D 2C 09 
00 80 EB 0D 32 09 
00 80 EC 0D 33 09 
00 80 ED 0D 34 09 
00 90 EE 0D 35 09 
00 90 EF 0D 35 09 
00 80 F0 0D 35 09 
00 80 F1 0D 36 09 
00 80 F2 0D 37 09 
00 80 F3 0D 38 09 
00 90 F4 0D 39 09 
00 90 F5 0D 39 09 
00 90 F6 0D 39 09 
00 90 F7 0D 39 09 
00 80 F8 0D 3D 09 
00 80 F9 0D 3E 09 
00 80 FA 0D 3F 09 
00 80 FB 0D 40 09 
00 80 FC 0D 41 09 
00 80 FD 0D 42 09 
00 80 FE 0D 43 09 
00 80 FF 0D 44 09 
00 80 00 0E 45 09 
00 80 01 0E 46 09 
00 80 02 0E 47 09 
00 80 03 0E 48 09 
00 80 04 0E 49 09 
00 80 05 0E 4A 09 
00 80 06 0E 4B 09 
00 90 07 0E 4C 09 
00 90 08 0E 4C 09 
00 90 09 0E 4C 09 
00 90 0A 0E 4C 09 
00 80 0B 0E 4C 09 
00 80 0C 0E 4D 09 
00 80 0D 0E 4E 09 
00 80 0E 0E 4F 09 
00 80 0F 0E 50 09 
00 80 10 0E 51 09 
00 80 11 0E 52 09 
00 80 12 0E 53 09 
00 80 13 0E 54 09 
00 80 14 0E 55 09 
00 80 15 0E 56 09 
00 00 00 00 00 00 
00 00 
00 80 16 0E 57 09 
00 80 17 0E 58 09 
00 90 18 0E 59 09 
00 80 19 0E 59 09 
00 80 1A 0E 5A 09 
00 80 1B 0E 5B 09 
00 80 1C 0E 5C 09 
00 80 1D 0E 5D 09 
00 90 1E 0E 5E 09 
00 90 1F 0E 5E 09 
00 90 20 0E 5E 09 
00 80 21 0E 5E 09 
00 80 22 0E 5F 09 
00 80 23 0E 60 09 
00 80 24 0E 61 09 
00 80 25 0E 62 09 
00 80 26 0E 63 09 
00 90 27 0E 64 09 
00 80 28 0E 64 09 
00 80 29 0E 65 09 
00 80 2A 0E 66 09 
00 80 2B 0E 67 09 
00 90 2C 0E 68 09 
00 80 2D 0E 68 09 
00 80 2E 0E 69 09 
00 80 2F 0E 6A 09 
00 80 30 0E 6B 09 
00 80 31 0E 6C 09 
00 80 32 0E 6D 09 
00 80 33 0E 6E 09 
00 80 34 0E 6F 09 
00 80 35 0E 70 09 
00 80 36 0E 71 09 
00 80 37 0E 72 09 
00 80 38 0E 73 09 
00 90 39 0E 74 09 
00 80 3A 0E 74 09 
00 80 3B 0E 75 09 
00 80 3C 0E 76 09 
00 80 3D 0E 77 09 
00 80 3E 0E 78 09 
00 80 3F 0E 79 09 
00 90 40 0E 7A 09 
00 90 41 0E 7A 09 
00 80 42 0E 7A 09 
00 80 43 0E 7B 09 
00 80 44 0E 7C 09 
00 80 45 0E 7D 09 
00 80 46 0E 7E 09 
00 90 47 0E 7F 09 
00 90 48 0E 7F 09 
00 80 49 0E 7F 09 
00 80 4A 0E 80 09 
00 80 4B 0E 81 09 
00 80 4C 0E 82 09 
00 80 4D 0E 83 09 
00 90 4E 0E 84 09 
00 80 4F 0E 84 09 
00 80 50 0E 85 09 
00 80 51 0E 86 09 
00 80 52 0E 87 09 
00 90 53 0E 88 09 
00 90 54 0E 88 09 
00 80 55 0E 88 09 
00 90 56 0E 89 09 
00 90 57 0E 89 09 
00 90 58 0E 89 09 
00 90 59 0E 89 09 
00 90 5A 0E 89 09 
00 90 5B 0E 89 09 
00 90 5C 0E 89 09 
00 80 5D 0E 89 09 
00 90 5E 0E 8A 09 
00 80 5F 0E 8A 09 
00 80 60 0E 8B 09 
00 80 61 0E 8C 09 
00 80 62 0E 8D 09 
00 80 63 0E 8E 09 
00 80 64 0E 8F 09 
00 80 65 0E 90 09 
00 80 66 0E 91 09 
00 80 67 0E 92 09 
00 80 68 0E 93 09 
00 80 69 0E 94 09 
00 00 00 00 00 00 
00 00 
00 80 6A 0E 95 09 
00 80 6B 0E 96 09 
00 90 6C 0E 97 09 
00 90 6D 0E 97 09 
00 80 6E 0E 97 09 
00 80 6F 0E 98 09 
00 80 70 0E 99 09 
00 80 71 0E 9A 09 
00 80 72 0E 9B 09 
00 90 73 0E 9C 09 
00 80 74 0E 9C 09 
00 80 75 0E 9D 09 
00 80 76 0E 9E 09 
00 80 77 0E 9F 09 
00 80 78 0E A0 09 
00 80 79 0E A1 09 
00 80 7A 0E A2 09 
00 80 7B 0E A3 09 
00 80 7C 0E A4 09 
00 80 7D 0E A5 09 
00 80 7E 0E A6 09 
00 80 7F 0E A7 09 
00 90 80 0E A8 09 
00 90 81 0E A8 09 
00 80 82 0E A8 09 
00 80 83 0E A9 09 
00 80 84 0E AA 09 
00 80 85 0E AB 09 
00 80 86 0E AC 09 
00 80 87 0E AD 09 
00 90 88 0E AE 09 
00 80 89 0E AE 09 
00 80 8A 0E AF 09 
00 80 8B 0E B0 09 
00 80 8C 0E B1 09 
00 80 8D 0E B2 09 
00 80 8E 0E B3 09 
00 90 8F 0E B4 09 
00 80 90 0E B4 09 
00 80 91 0E B5 09 
00 80 92 0E B6 09 
00 80 93 0E B7 09 
00 90 94 0E B8 09 
00 80 95 0E B8 09 
00 80 96 0E B9 09 
00 90 97 0E BA 09 
00 80 98 0E BA 09 
00 80 99 0E BB 09 
00 90 9A 0E BC 09 
00 90 9B 0E BC 09 
00 80 9C 0E BC 09 
00 80 9D 0E BD 09 
00 80 9E 0E BE 09 
00 80 9F 0E BF 09 
00 80 A0 0E C0 09 
00 80 A1 0E C1 09 
00 80 A2 0E C2 09 
00 80 A3 0E C3 09 
00 80 A4 0E C4 09 
00 80 A5 0E C5 09 
00 80 A6 0E C6 09 
00 80 A7 0E C7 09 
00 80 A8 0E C8 09 
00 90 A9 0E C9 09 
00 90 AA 0E C9 09 
00 90 AB 0E C9 09 
00 90 AC 0E C9 09 
00 90 AD 0E C9 09 
00 90 AE 0E C9 09 
00 90 AF 0E C9 09 
00 90 B0 0E C9 09 
00 80 26 02 C9 09 
00 80 27 02 C9 09 
00 80 26 02 C9 09 
00 80 27 02 C9 09 
00 80 26 02 C9 09 
00 80 27 02 C9 09 
00 80 26 02 C9 09 
00 80 27 02 C9 09 
00 80 26 02 C9 09 
00 80 27 02 C9 09 
00 80 26 02 C9 09 
00 80 27 02 C9 09 
00 80 26 02 C9 09 
00 00 00 00 00 00 
00 00 
00 80 27 02 C9 09 
00 80 26 02 C9 09 
00 80 27 02 C9 09 
00 80 26 02 C9 09 
00 80 27 02 C9 09 
00 80 26 02 C9 09 
00 80 27 02 C9 09 
00 80 26 02 C9 09 
00 80 27 02 C9 09 
00 80 26 02 C9 09 
00 80 27 02 C9 09 
00 80 26 02 C9 09 
00 80 27 02 C9 09 
00 80 26 02 C9 09 
00 80 27 02 C9 09 
00 80 1E 02 C9 09 
00 80 1F 02 C9 09 
00 80 26 02 C9 09 
00 80 27 02 C9 09 
00 80 26 02 C9 09 
00 80 27 02 C9 09 
00 80 1E 02 C9 09 
00 80 1F 02 C9 09 
00 80 26 02 C9 09 
00 80 27 02 C9 09 
00 80 26 02 C9 09 
00 80 27 02 C9 09 
00 80 26 02 C9 09 
00 80 27 02 C9 09 
00 80 1E 02 C9 09 
00 80 1F 02 C9 09 
00 80 26 02 C9 09 
00 80 27 02 C9 09 
00 80 26 02 C9 09 
00 80 27 02 C9 09 
00 80 26 02 C9 09 
00 80 27 02 C9 09 
00 80 26 02 C9 09 
00 80 27 02 C9 09 
00 80 26 02 C9 09 
00 80 27 02 C9 09 
00 80 26 02 C9 09 
00 80 27 02 C9 09 
00 80 26 02 C9 09 
00 80 27 02 C9 09 
00 80 26 02 C9 09 
00 80 27 02 C9 09 
00 80 26 02 C9 09 
00 80 27 02 C9 09 
00 80 26 02 C9 09 
00 80 27 02 C9 09 
00 80 1E 02 C9 09 
00 80 1F 02 C9 09 
00 80 26 02 C9 09 
00 80 27 02 C9 09 
00 80 26 02 C9 09 
00 80 27 02 C9 09 
00 80 26 02 C9 09 
00 80 27 02 C9 09 
00 80 26 02 C9 09 
00 80 27 02 C9 09 
00 80 26 02 C9 09 
00 80 27 02 C9 09 
00 80 26 02 C9 09 
00 80 27 02 C9 09 
00 80 1E 02 C9 09 
00 80 1F 02 C9 09 
00 80 1E 02 C9 09 
00 80 1F 02 C9 09 
00 80 1E 02 C9 09 
00 80 1F 02 C9 09 
00 80 26 02 C9 09 
00 80 27 02 C9 09 
00 80 1E 02 C9 09 
00 80 1F 02 C9 09 
00 80 1E 02 C9 09 
00 80 1F 02 C9 09 
00 80 26 02 C9 09 
00 80 27 02 C9 09 
00 80 1E 02 C9 09 
00 80 1F 02 C9 09 
00 80 26 02 C9 09 
00 80 27 02 C9 09 
00 80 1E 02 C9 09 
00 00 00 00 00 00 
00 00 
00 80 1F 02 C9 09 
00 80 26 02 C9 09 
00 80 27 02 C9 09 
00 80 26 02 C9 09 
00 80 27 02 C9 09 
00 80 26 02 C9 09 
00 80 27 02 C9 09 
00 80 26 02 C9 09 
00 80 27 02 C9 09 
00 80 26 02 C9 09 
00 80 27 02 C9 09 
00 80 26 02 C9 09 
00 80 27 02 C9 09 
00 80 26 02 C9 09 
00 80 27 02 C9 09 
00 80 26 02 C9 09 
00 80 27 02 C9 09 
00 80 26 02 C9 09 
00 80 27 02 C9 09 
00 80 26 02 C9 09 
00 80 27 02 C9 09 
00 80 26 02 C9 09 
00 80 27 02 C9 09 
00 80 26 02 C9 09 
00 80 27 02 C9 09 
00 80 26 02 C9 09 
00 80 27 02 C9 09 
00 80 26 02 C9 09 
00 80 27 02 C9 09 
00 80 26 02 C9 09 
00 80 27 02 C9 09 
00 80 26 02 C9 09 
00 80 27 02 C9 09 
00 80 26 02 C9 09 
00 80 27 02 C9 09 
00 80 26 02 C9 09 
00 80 27 02 C9 09 
00 80 26 02 C9 09 
00 80 27 02 C9 09 
00 80 26 02 C9 09 
00 80 27 02 C9 09 
00 80 26 02 C9 09 
00 80 27 02 C9 09 
00 80 26 02 C9 09 
00 80 27 02 C9 09 
00 80 26 02 C9 09 
00 80 27 02 C9 09 
00 80 26 02 C9 09 
00 80 27 02 C9 09 
00 80 26 02 C9 09 
00 80 27 02 C9 09 
00 80 26 02 C9 09 
00 80 27 02 C9 09 
00 80 26 02 C9 09 
00 80 27 02 C9 09 
00 80 26 02 C9 09 
00 80 27 02 C9 09 
00 80 26 02 C9 09 
00 80 27 02 C9 09 
00 80 1E 02 C9 09 
00 80 1F 02 C9 09 
00 80 1E 02 C9 09 
00 80 1F 02 C9 09 
00 80 1E 02 C9 09 
00 80 1F 02 C9 09 
00 80 1E 02 C9 09 
00 80 1F 02 C9 09 
00 80 26 02 C9 09 
00 80 27 02 C9 09 
00 80 26 02 C9 09 
00 80 27 02 C9 09 
00 80 1E 02 C9 09 
00 80 1F 02 C9 09 
00 80 26 02 C9 09 
00 80 27 02 C9 09 
00 80 26 02 C9 09 
00 80 27 02 C9 09 
00 80 26 02 C9 09 
00 80 27 02 C9 09 
00 80 26 02 C9 09 
00 80 27 02 C9 09 
00 80 26 02 C9 09 
00 80 27 02 C9 09 
00 80 26 02 C9 09 
00 00 00 00 00 00 
00 00 
00 80 27 02 C9 09 
00 80 26 02 C9 09 
00 80 27 02 C9 09 
00 80 26 02 C9 09 
00 80 27 02 C9 09 
00 80 26 02 C9 09 
00 80 27 02 C9 09 
00 80 26 02 C9 09 
00 80 27 02 C9 09 
00 80 26 02 C9 09 
00 80 27 02 C9 09 
00 80 26 02 C9 09 
00 80 27 02 C9 09 
00 80 1E 02 C9 09 
00 80 1F 02 C9 09 
00 80 1E 02 C9 09 
00 80 1F 02 C9 09 
00 80 1E 02 C9 09 
00 80 1F 02 C9 09 
00 80 1E 02 C9 09 
00 80 1F 02 C9 09 
00 80 1E 02 C9 09 
00 80 1F 02 C9 09 
00 80 26 02 C9 09 
00 80 27 02 C9 09 
00 80 26 02 C9 09 
00 80 27 02 C9 09 
00 80 26 02 C9 09 
00 80 27 02 C9 09 
00 80 26 02 C9 09 
00 80 27 02 C9 09 
00 80 26 02 C9 09 
00 80 27 02 C9 09 
00 80 26 02 C9 09 
00 80 27 02 C9 09 
00 80 26 02 C9 09 
00 80 27 02 C9 09 
00 80 26 02 C9 09 
00 80 27 02 C9 09 
00 80 26 02 C9 09 
00 80 27 02 C9 09 
00 80 26 02 C9 09 
00 80 27 02 C9 09 
00 80 26 02 C9 09 
00 80 27 02 C9 09 
00 80 1E 02 C9 09 
00 80 1F 02 C9 09 
00 80 1E 02 C9 09 
00 80 1F 02 C9 09 
00 80 1E 02 C9 09 
00 80 1F 02 C9 09 
00 80 1E 02 C9 09 
00 80 1F 02 C9 09 
00 80 26 02 C9 09 
00 80 27 02 C9 09 
00 80 26 02 C9 09 
00 80 27 02 C9 09 
00 80 26 02 C9 09 
00 80 27 02 C9 09 
00 80 26 02 C9 09 
00 80 27 02 C9 09 
00 80 26 02 C9 09 
00 80 27 02 C9 09 
00 80 26 02 C9 09 
00 80 27 02 C9 09 
00 80 1E 02 C9 09 
00 80 1F 02 C9 09 
00 80 1E 02 C9 09 
00 80 1F 02 C9 09 
00 80 1E 02 C9 09 
00 80 1F 02 C9 09 
00 80 1E 02 C9 09 
00 80 1F 02 C9 09 
00 80 1E 02 C9 09 
00 80 1F 02 C9 09 
00 80 1E 02 C9 09 
00 80 1F 02 C9 09 
00 80 1E 02 C9 09 
00 80 1F 02 C9 09 
00 80 1E 02 C9 09 
00 80 1F 02 C9 09 
00 80 1E 02 C9 09 
00 80 1F 02 C9 09 
00 80 1E 02 C9 09 
00 00 00 00 00 00 
00 00 
00 80 1F 02 C9 09 
00 80 1E 02 C9 09 
00 80 1F 02 C9 09 
00 80 1E 02 C9 09 
00 80 1F 02 C9 09 
00 80 1E 02 C9 09 
00 80 1F 02 C9 09 
00 80 1E 02 C9 09 
00 80 1F 02 C9 09 
00 80 1E 02 C9 09 
00 80 1F 02 C9 09 
00 80 1E 02 C9 09 
00 80 1F 02 C9 09 
00 80 1E 02 C9 09 
00 80 1F 02 C9 09 
00 80 26 02 C9 09 
00 80 27 02 C9 09 
00 80 26 02 C9 09 
00 80 27 02 C9 09 
00 80 26 02 C9 09 
00 80 27 02 C9 09 
00 80 26 02 C9 09 
00 80 27 02 C9 09 
00 80 26 02 C9 09 
00 80 27 02 C9 09 
00 80 26 02 C9 09 
00 80 27 02 C9 09 
00 80 1E 02 C9 09 
00 80 1F 02 C9 09 
00 80 26 02 C9 09 
00 80 27 02 C9 09 
00 80 26 02 C9 09 
00 80 27 02 C9 09 
00 80 26 02 C9 09 
00 80 27 02 C9 09 
00 80 26 02 C9 09 
00 80 27 02 C9 09 
00 80 26 02 C9 09 
00 80 27 02 C9 09 
00 80 26 02 C9 09 
00 80 27 02 C9 09 
00 80 26 02 C9 09 
00 80 27 02 C9 09 
00 80 26 02 C9 09 
00 80 27 02 C9 09 
00 80 26 02 C9 09 
00 80 27 02 C9 09 
00 80 1E 02 C9 09 
00 80 1F 02 C9 09 
00 80 1E 02 C9 09 
00 80 1F 02 C9 09 
00 80 1E 02 C9 09 
00 80 1F 02 C9 09 
00 80 1E 02 C9 09 
00 80 1F 02 C9 09 
00 80 26 02 C9 09 
00 80 27 02 C9 09 
00 80 26 02 C9 09 
00 80 27 02 C9 09 
00 80 26 02 C9 09 
00 80 27 02 C9 09 
00 80 26 02 C9 09 
00 80 27 02 C9 09 
00 80 26 02 C9 09 
00 80 27 02 C9 09 
00 80 26 02 C9 09 
00 80 27 02 C9 09 
00 80 26 02 C9 09 
00 80 27 02 C9 09 
00 80 26 02 C9 09 
00 80 27 02 C9 09 
00 80 26 02 C9 09 
00 80 27 02 C9 09 
00 80 26 02 C9 09 
00 80 27 02 C9 09 
00 80 26 02 C9 09 
00 80 27 02 C9 09 
00 80 1E 02 C9 09 
00 80 1F 02 C9 09 
00 80 1E 02 C9 09 
00 80 1F 02 C9 09 
00 80 26 02 C9 09 
00 80 27 02 C9 09 
00 80 26 02 C9 09 
00 00 00 00 00 00 
00 00 
00 80 27 02 C9 09 
00 80 26 02 C9 09 
00 80 27 02 C9 09 
00 80 26 02 C9 09 
00 80 27 02 C9 09 
00 80 26 02 C9 09 
00 80 27 02 C9 09 
00 80 26 02 C9 09 
00 80 27 02 C9 09 
00 80 26 02 C9 09 
00 80 27 02 C9 09 
00 80 1E 02 C9 09 
00 80 1F 02 C9 09 
00 80 1E 02 C9 09 
00 80 1F 02 C9 09 
00 80 26 02 C9 09 
00 80 27 02 C9 09 
00 80 26 02 C9 09 
00 80 27 02 C9 09 
00 80 26 02 C9 09 
00 80 27 02 C9 09 
00 80 26 02 C9 09 
00 80 27 02 C9 09 
00 80 26 02 C9 09 
00 80 27 02 C9 09 
00 80 26 02 C9 09 
00 80 27 02 C9 09 
00 80 1E 02 C9 09 
00 80 1F 02 C9 09 
00 80 26 02 C9 09 
00 80 27 02 C9 09 
00 80 26 02 C9 09 
00 80 27 02 C9 09 
00 80 26 02 C9 09 
00 80 27 02 C9 09 
00 80 26 02 C9 09 
00 80 27 02 C9 09 
00 80 26 02 C9 09 
00 80 27 02 C9 09 
00 80 1E 02 C9 09 
00 80 1F 02 C9 09 
00 80 1E 02 C9 09 
00 80 1F 02 C9 09 
00 80 26 02 C9 09 
00 80 27 02 C9 09 
00 80 26 02 C9 09 
00 80 27 02 C9 09 
00 80 26 02 C9 09 
00 80 27 02 C9 09 
00 80 26 02 C9 09 
00 80 27 02 C9 09 
00 80 1E 02 C9 09 
00 80 1F 02 C9 09 
00 80 26 02 C9 09 
00 80 27 02 C9 09 
00 80 26 02 C9 09 
00 80 27 02 C9 09 
00 80 26 02 C9 09 
00 80 27 02 C9 09 
00 80 26 02 C9 09 
00 80 27 02 C9 09 
00 80 26 02 C9 09 
00 80 27 02 C9 09 
00 80 26 02 C9 09 
00 80 27 02 C9 09 
00 80 1E 02 C9 09 
00 80 1F 02 C9 09 
00 80 1E 02 C9 09 
00 80 1F 02 C9 09 
00 80 1E 02 C9 09 
00 80 1F 02 C9 09 
00 80 1E 02 C9 09 
00 80 1F 02 C9 09 
00 80 26 02 C9 09 
00 80 27 02 C9 09 
00 80 26 02 C9 09 
00 80 27 02 C9 09 
00 80 1E 02 C9 09 
00 80 1F 02 C9 09 
00 80 1E 02 C9 09 
00 80 1F 02 C9 09 
00 80 26 02 C9 09 
00 80 27 02 C9 09 
00 80 26 02 C9 09 
00 00 00 00 00 00 
00 00 
00 80 27 02 C9 09 
00 80 26 02 C9 09 
00 80 27 02 C9 09 
00 80 26 02 C9 09 
00 80 27 02 C9 09 
00 80 26 02 C9 09 
00 80 27 02 C9 09 
00 80 26 02 C9 09 
00 80 27 02 C9 09 
00 80 26 02 C9 09 
00 80 27 02 C9 09 
00 80 26 02 C9 09 
00 80 27 02 C9 09 
00 80 26 02 C9 09 
00 80 27 02 C9 09 
00 80 26 02 C9 09 
00 80 27 02 C9 09 
00 80 26 02 C9 09 
00 80 27 02 C9 09 
00 80 26 02 C9 09 
00 80 27 02 C9 09 
00 80 26 02 C9 09 
00 80 27 02 C9 09 
00 80 26 02 C9 09 
00 80 27 02 C9 09 
00 80 26 02 C9 09 
00 80 27 02 C9 09 
00 00 00 00 00 00 
00 00 00 00 00 00 
00 00 00 00 00 00 
00 00 00 00 00 00 
00 00 00 00 00 00 
00 00 00 00 00 00 
00 00 00 00 00 00 
00 00 00 00 00 00 
00 00 00 00 00 00 
00 00 00 00 00 00 
00 00 00 00 00 00 
00 00 00 00 00 00 
00 00 00 00 00 00 
00 00 00 00 00 00 
00 00 00 00 00 00 
00 00 00 00 00 00 
00 00 00 00 00 00 
00 00 00 00 00 00 
00 00 00 00 00 00 
00 00 00 00 00 00 
00 00 00 00 00 00 
00 00 00 00 00 00 
00 00 00 00 00 00 
00 00 00 00 00 00 
00 00 00 00 00 00 
00 00 00 00 00 00 
00 00 00 00 00 00 
00 00 00 00 00 00 
00 00 00 00 00 00 
00 00 00 00 00 00 
00 00 00 00 00 00 
00 00 00 00 00 00 
00 00 00 00 00 00 
00 00 00 00 00 00 
00 00 00 00 00 00 
00 00 00 00 00 00 
00 00 00 00 00 00 
00 00 00 00 00 00 
00 00 00 00 00 00 
00 00 00 00 00 00 
00 00 00 00 00 00 
00 00 00 00 00 00 
00 00 00 00 00 00 
00 00 00 00 00 00 
00 00 00 00 00 00 
00 00 00 00 00 00 
00 00 00 00 00 00 
00 00 00 00 00 00 
00 00 00 00 00 00 
00 00 00 00 00 00 
00 00 00 00 00 00 
00 00 00 00 00 00 
00 00 00 00 00 00 
00 00 00 00 00 00 
00 00 00 00 00 00 
00 00 00 00 00 00 
00 00 00 00 00 00 
00 00 00 00 00 00 
00 00 
